31/07/2020 16:55:33
-8.402809143
-8.383605957
-8.339120865
-8.301355362
-8.275751114
-8.239906311
-8.211742401
-8.196060181
-8.196060181
-8.185819626
-8.205341339
-8.215263367
-8.239906311
-8.299755096
-8.328239441
-8.346160889
-8.378805161
-8.397687912
-8.412410736
-8.418170929
-8.418491364
-8.415611267
-8.358963013
-8.355762482
-8.335599899
-8.324398041
-8.314157486
-8.314157486
-8.324077606
-8.342321396
-8.360883713
-8.365684509
-8.326639175
-8.293033600
-8.316717148
-8.372085571
-8.402488708
-8.382326126
-8.333360672
-8.264230728
-8.200540543
-8.207262039
-8.196060181
-8.240226746
-8.264230728
-8.277351379
-8.290794373
-8.300714493
-8.323759079
-8.372406006
-8.380086899
-8.398969650
-8.410810471
-8.412090302
-8.412090302
-8.413051605
-8.416891098
-8.406330109
-8.354803085
-8.320238113
-8.240547180
-8.197980881
-8.219102859
-8.223903656
-8.224864960
-8.221343994
-8.225824356
-8.253667831
-8.301996231
-8.340400696
-8.370805740
-8.394487381
-8.397048950
-8.399608612
-8.408250809
-8.416252136
-8.416891098
-8.410169601
-8.351282120
-8.252388000
-8.198301315
-8.234466553
-8.256549835
-8.258468628
-8.321838379
-8.365043640
-8.394807816
-8.406650543
-8.409210205
-8.428733826
-8.434173584
-8.433214188
-8.429693222
-8.433853149
-8.430334091
-8.414651871
-8.365043640
-8.307115555
-8.272232056
-8.244707108
-8.228385925
-8.236385345
-8.259429932
-8.307435989
-8.355762482
-8.393207550
-8.395128250
-8.411130905
-8.432573318
-8.448255539
-8.441854477
-8.438014984
-8.421051025
-8.410169601
-8.407930374
-8.404409409
-8.387767792
-8.374324799
-8.354803085
-8.309036255
-8.245986938
-8.218463898
-8.198301315
-8.219423294
-8.211421967
-8.245986938
-8.269990921
-8.326318741
-8.347761154
-8.320877075
-8.338800430
-8.383926392
-8.389688492
-8.429052353
-8.417531967
-8.425212860
-8.423933029
-8.405689240
-8.348722458
-8.287273407
-8.228065491
-8.205020905
-8.233184814
-8.241186142
-8.238626480
-8.257829666
-8.294954300
-8.329198837
-8.344560623
-8.383926392
-8.414651871
-8.421371460
-8.422012329
-8.425851822
-8.414970398
-8.393848419
-8.402809143
-8.343601227
-8.270950317
-8.244068146
-8.230304718
-8.230304718
-8.219743729
-8.220384598
-8.238626480
-8.340721130
-8.386806488
-8.396087646
-8.416252136
-8.417531967
-8.420732498
-8.423292160
-8.409530640
-8.347122192
-8.289194107
-8.250467300
-8.206621170
-8.196380615
-8.188058853
-8.246948242
-8.299434662
-8.327919006
-8.338800430
-8.378486633
-8.384887695
-8.398649216
-8.401849747
-8.410169601
-8.420412064
-8.416891098
-8.397687912
-8.331760406
-8.295595169
-8.277351379
-8.250787735
-8.241506577
-8.214942932
-8.233184814
-8.289514542
-8.333040237
-8.352882385
-8.355442047
-8.390968323
-8.408250809
-8.420091629
-8.418491364
-8.412731171
-8.372085571
-8.269990921
-8.222303391
-8.205020905
-8.209821701
-8.240547180
-8.281513214
-8.325359344
-8.362804413
-8.392248154
-8.410490036
-8.418170929
-8.417211533
-8.415931702
-8.406009674
-8.411451340
-8.358003616
-8.302635193
-8.237346649
-8.205341339
-8.205341339
-8.226465225
-8.247268677
-8.276391983
-8.317678452
-8.363763809
-8.403450012
-8.406330109
-8.418811798
-8.423292160
-8.417852402
-8.419132233
-8.351922989
-8.329519272
-8.298154831
-8.236385345
-8.207262039
-8.186779022
-8.197340012
-8.225185394
-8.264549255
-8.277671814
-8.273832321
-8.287593842
-8.338479996
-8.344881058
-8.355123520
-8.370485306
-8.390968323
-8.413051605
-8.419450760
-8.423292160
-8.424571991
-8.429693222
-8.407289505
-8.349681854
-8.310956955
-8.308395386
-8.249187469
-8.237985611
-8.229986191
-8.221023560
-8.272550583
-8.328878403
-8.351602554
-8.326318741
-8.347442627
-8.383605957
-8.402170181
-8.411130905
-8.408889771
-8.422012329
-8.383605957
-8.355442047
-8.341041565
-8.329839706
-8.330160141
-8.318317413
-8.256868362
-8.211742401
-8.201822281
-8.206302643
-8.230304718
-8.251108170
-8.276391983
-8.294954300
-8.341041565
-8.370805740
-8.380086899
-8.383287430
-8.407289505
-8.426813126
-8.449855804
-8.447296143
-8.444095612
-8.434494019
-8.425212860
-8.390327454
-8.333040237
-8.292074203
-8.254629135
-8.232545853
-8.258789062
-8.311916351
-8.350641251
-8.374645233
-8.387447357
-8.387767792
-8.405050278
-8.415611267
-8.421371460
-8.423933029
-8.420091629
-8.406009674
-8.386167526
-8.373044968
-8.345842361
-8.287593842
-8.251428604
-8.241827011
-8.238306046
-8.239585876
-8.266790390
-8.263910294
-8.310956955
-8.333999634
-8.340721130
-8.370485306
-8.420412064
-8.423292160
-8.422971725
-8.407930374
-8.384567261
-8.404409409
-8.356403351
-8.321197510
-8.256549835
-8.229345322
-8.227104187
-8.244068146
-8.230945587
-8.254629135
-8.294313431
-8.333360672
-8.367923737
-8.390968323
-8.404729843
-8.428092957
-8.438974380
-8.440574646
-8.421691895
-8.371124268
-8.340721130
-8.308715820
-8.249507904
-8.206302643
-8.197021484
-8.202781677
-8.225185394
-8.252067566
-8.274791718
-8.301996231
-8.343280792
-8.383605957
-8.398969650
-8.416891098
-8.423933029
-8.426172256
-8.417852402
-8.367605209
-8.333360672
-8.308395386
-8.268711090
-8.245027542
-8.236705780
-8.242786407
-8.268070221
-8.319276810
-8.341360092
-8.339759827
-8.354162216
-8.400249481
-8.425851822
-8.433853149
-8.437374115
-8.443134308
-8.443454742
-8.428733826
-8.383605957
-8.330478668
-8.294954300
-8.247587204
-8.211421967
-8.203741074
-8.219743729
-8.268390656
-8.312236786
-8.308715820
-8.312877655
-8.349681854
-8.381046295
-8.402170181
-8.402170181
-8.411451340
-8.423933029
-8.428733826
-8.428733826
-8.421051025
-8.383287430
-8.343280792
-8.298154831
-8.261669159
-8.241506577
-8.242786407
-8.268390656
-8.301355362
-8.321838379
-8.345201492
-8.388406754
-8.423612595
-8.430973053
-8.428413391
-8.436733246
-8.446655273
-8.452415466
-8.451135635
-8.436414719
-8.392568588
-8.364404678
-8.364084244
-8.346481323
-8.284713745
-8.231266022
-8.212062836
-8.210783005
-8.230304718
-8.262630463
-8.309677124
-8.344560623
-8.362163544
-8.390007019
-8.413690567
-8.422651291
-8.426492691
-8.424892426
-8.424251556
-8.417211533
-8.427133560
-8.377204895
-8.289514542
-8.243106842
-8.236705780
-8.239585876
-8.248228073
-8.258789062
-8.277671814
-8.307115555
-8.354803085
-8.392887115
-8.413690567
-8.428092957
-8.444416046
-8.446975708
-8.441215515
-8.409530640
-8.373044968
-8.353202820
-8.306795120
-8.237026215
-8.210462570
-8.203102112
-8.212703705
-8.237667084
-8.255268097
-8.250467300
-8.249507904
-8.294633865
-8.328559875
-8.340721130
-8.363443375
-8.388727188
-8.409530640
-8.418491364
-8.424251556
-8.423612595
-8.415931702
-8.382646561
-8.311916351
-8.269350052
-8.258150101
-8.245027542
-8.259750366
-8.270950317
-8.274471283
-8.309356689
-8.369205475
-8.386487961
-8.389368057
-8.387126923
-8.412090302
-8.439615250
-8.441215515
-8.440254211
-8.441854477
-8.430973053
-8.403450012
-8.348402023
-8.298154831
-8.267110825
-8.237985611
-8.212383270
-8.208862305
-8.217184067
-8.252388000
-8.301996231
-8.336879730
-8.349361420
-8.385206223
-8.406650543
-8.418811798
-8.422971725
-8.423933029
-8.422332764
-8.415931702
-8.399608612
-8.349681854
-8.289833069
-8.258150101
-8.246307373
-8.248867035
-8.266149521
-8.290153503
-8.338479996
-8.388088226
-8.397048950
-8.400569916
-8.418811798
-8.438014984
-8.446975708
-8.445055008
-8.435132980
-8.409210205
-8.395769119
-8.393527985
-8.356723785
-8.289194107
-8.240867615
-8.218143463
-8.210462570
-8.216222763
-8.238946915
-8.286314011
-8.311595917
-8.332399368
-8.361524582
-8.397369385
-8.414651871
-8.417852402
-8.420091629
-8.422012329
-8.419132233
-8.424571991
-8.397048950
-8.316078186
-8.301034927
-8.285032272
-8.290153503
-8.264230728
-8.235425949
-8.236385345
-8.237346649
-8.257829666
-8.296554565
-8.327278137
-8.366323471
-8.401208878
-8.420412064
-8.431934357
-8.438333511
-8.441534042
-8.441854477
-8.429052353
-8.377525330
-8.315116882
-8.301355362
-8.285032272
-8.236066818
-8.197980881
-8.190620422
-8.194139481
-8.215263367
-8.246307373
-8.271911621
-8.292074203
-8.327598572
-8.370485306
-8.385847092
-8.401529312
-8.415931702
-8.422332764
-8.421371460
-8.402170181
-8.369524002
-8.344560623
-8.283752441
-8.245986938
-8.228065491
-8.225824356
-8.252388000
-8.293033600
-8.309995651
-8.296875000
-8.359603882
-8.394168854
-8.424571991
-8.427133560
-8.432893753
-8.436414719
-8.442174911
-8.438014984
-8.418491364
-8.371765137
-8.328559875
-8.285673141
-8.227104187
-8.200540543
-8.204061508
-8.228385925
-8.276391983
-8.284713745
-8.291753769
-8.333999634
-8.370805740
-8.391607285
-8.401208878
-8.413051605
-8.416891098
-8.420732498
-8.417852402
-8.387767792
-8.324398041
-8.290794373
-8.256549835
-8.238626480
-8.240867615
-8.256549835
-8.299755096
-8.342960358
-8.361204147
-8.381046295
-8.414970398
-8.431934357
-8.435773849
-8.431613922
-8.432893753
-8.432893753
-8.425533295
-8.399929047
-8.329198837
-8.268390656
-8.245347977
-8.227745056
-8.207582474
-8.201822281
-8.215263367
-8.250787735
-8.292713165
-8.325359344
-8.350002289
-8.382326126
-8.399929047
-8.406650543
-8.413370132
-8.414011002
-8.408889771
-8.402170181
-8.365684509
-8.290473938
-8.262310028
-8.259109497
-8.246307373
-8.235105515
-8.241827011
-8.240547180
-8.254308701
-8.304235458
-8.341360092
-8.366004944
-8.398008347
-8.420091629
-8.431613922
-8.431934357
-8.432252884
-8.426172256
-8.411451340
-8.358963013
-8.281513214
-8.263269424
-8.259750366
-8.238626480
-8.205020905
-8.194780350
-8.199260712
-8.239906311
-8.281192780
-8.306476593
-8.312236786
-8.329519272
-8.374645233
-8.389688492
-8.401849747
-8.408889771
-8.415611267
-8.416891098
-8.395128250
-8.316717148
-8.249507904
-8.237346649
-8.238946915
-8.241827011
-8.242467880
-8.261350632
-8.311916351
-8.355123520
-8.358003616
-8.376245499
-8.414970398
-8.432573318
-8.435773849
-8.433853149
-8.428413391
-8.433853149
-8.439933777
-8.439294815
-8.425212860
-8.388088226
-8.346160889
-8.287273407
-8.232225418
-8.209182739
-8.205982208
-8.203741074
-8.209821701
-8.213983536
-8.217823029
-8.265510559
-8.312877655
-8.334640503
-8.329198837
-8.345842361
-8.420732498
-8.431613922
-8.432893753
-8.401208878
-8.338159561
-8.320558548
-8.324077606
-8.314796448
-8.265830994
-8.229986191
-8.210783005
-8.202461243
-8.213342667
-8.242467880
-8.280872345
-8.328878403
-8.343921661
-8.368244171
-8.397369385
-8.411130905
-8.414011002
-8.425533295
-8.415611267
-8.406650543
-8.410169601
-8.366643906
-8.280231476
-8.259109497
-8.246627808
-8.234785080
-8.240547180
-8.258468628
-8.274471283
-8.309036255
-8.346481323
-8.382005692
-8.402170181
-8.416891098
-8.436733246
-8.440254211
-8.435132980
-8.429693222
-8.417211533
-8.404729843
-8.380086899
-8.305835724
-8.237346649
-8.229986191
-8.234785080
-8.215263367
-8.195739746
-8.189979553
-8.193180084
-8.212703705
-8.250787735
-8.265510559
-8.287593842
-8.323438644
-8.348402023
-8.373685837
-8.393207550
-8.408889771
-8.417211533
-8.418491364
-8.416570663
-8.410490036
-8.403450012
-8.363122940
-8.294954300
-8.246627808
-8.229986191
-8.228704453
-8.235746384
-8.249507904
-8.272550583
-8.291753769
-8.321838379
-8.367284775
-8.389047623
-8.407289505
-8.418811798
-8.429693222
-8.431293488
-8.431934357
-8.432893753
-8.436094284
-8.438014984
-8.423933029
-8.361524582
-8.292394638
-8.278312683
-8.224224091
-8.204381943
-8.211103439
-8.212062836
-8.237667084
-8.295595169
-8.310316086
-8.326318741
-8.338159561
-8.363763809
-8.388406754
-8.400249481
-8.413051605
-8.417211533
-8.417852402
-8.398008347
-8.340080261
-8.318317413
-8.300395966
-8.252708435
-8.236066818
-8.225824356
-8.229345322
-8.245668411
-8.279592514
-8.310636520
-8.316078186
-8.342000961
-8.392568588
-8.414970398
-8.422651291
-8.427772522
-8.432573318
-8.436414719
-8.428413391
-8.397369385
-8.352882385
-8.330160141
-8.310956955
-8.255908966
-8.220064163
-8.215583801
-8.208862305
-8.209503174
-8.217823029
-8.215583801
-8.228385925
-8.274471283
-8.307115555
-8.308076859
-8.304555893
-8.371444702
-8.398969650
-8.407289505
-8.401849747
-8.443454742
-8.441534042
-8.435773849
-8.416570663
-8.368885040
-8.321838379
-8.258150101
-8.244386673
-8.229665756
-8.227745056
-8.231904984
-8.250467300
-8.301675797
-8.350002289
-8.372085571
-8.417211533
-8.425533295
-8.411130905
-8.434173584
-8.430334091
-8.432573318
-8.431293488
-8.422012329
-8.382646561
-8.324718475
-8.278951645
-8.240547180
-8.209821701
-8.199581146
-8.210462570
-8.251428604
-8.286314011
-8.321517944
-8.358003616
-8.383926392
-8.398649216
-8.397369385
-8.404088974
-8.416252136
-8.421691895
-8.424571991
-8.419771194
-8.407609940
-8.386487961
-8.376565933
-8.378166199
-8.342321396
-8.284072876
-8.258468628
-8.242147446
-8.235746384
-8.246627808
-8.261030197
-8.297834396
-8.342641830
-8.362163544
-8.382966995
-8.409530640
-8.430334091
-8.439615250
-8.436094284
-8.434814453
-8.436733246
-8.436414719
-8.436094284
-8.414011002
-8.364723206
-8.309995651
-8.247587204
-8.213342667
-8.198621750
-8.200222015
-8.218143463
-8.247907639
-8.275432587
-8.287914276
-8.317037582
-8.363122940
-8.381366730
-8.396087646
-8.412731171
-8.420732498
-8.424571991
-8.421371460
-8.398969650
-8.364723206
-8.366323471
-8.329519272
-8.262948990
-8.236705780
-8.234785080
-8.238626480
-8.260709763
-8.270631790
-8.269990921
-8.285673141
-8.315757751
-8.345842361
-8.369844437
-8.393848419
-8.425533295
-8.439933777
-8.439615250
-8.432252884
-8.441854477
-8.425212860
-8.396087646
-8.365684509
-8.295274734
-8.258468628
-8.247268677
-8.218463898
-8.207582474
-8.217504501
-8.218784332
-8.234785080
-8.274791718
-8.310316086
-8.350002289
-8.379446030
-8.397369385
-8.407289505
-8.416570663
-8.422012329
-8.423612595
-8.417852402
-8.364404678
-8.316717148
-8.318958282
-8.264549255
-8.242147446
-8.251749039
-8.249507904
-8.260389328
-8.310316086
-8.368564606
-8.377525330
-8.369205475
-8.390968323
-8.425533295
-8.434494019
-8.439615250
-8.441854477
-8.431934357
-8.402809143
-8.344881058
-8.299114227
-8.267431259
-8.267110825
-8.246627808
-8.237667084
-8.234785080
-8.244707108
-8.275112152
-8.320238113
-8.332399368
-8.354162216
-8.403450012
-8.432573318
-8.439615250
-8.436733246
-8.435773849
-8.440574646
-8.445695877
-8.440254211
-8.430973053
-8.411451340
-8.382966995
-8.333040237
-8.272550583
-8.241827011
-8.212062836
-8.226785660
-8.244386673
-8.239267349
-8.253028870
-8.307435989
-8.355762482
-8.374965668
-8.373044968
-8.429693222
-8.446655273
-8.437374115
-8.410810471
-8.334320068
-8.291753769
-8.263910294
-8.248867035
-8.248867035
-8.245668411
-8.252067566
-8.260068893
-8.259109497
-8.256549835
-8.282472610
-8.296875000
-8.341680527
-8.360242844
-8.390007019
-8.412090302
-8.430973053
-8.432893753
-8.433534622
-8.418811798
-8.344242096
-8.332399368
-8.294954300
-8.257188797
-8.230945587
-8.219102859
-8.261030197
-8.302314758
-8.338479996
-8.355442047
-8.378805161
-8.387126923
-8.423292160
-8.423612595
-8.425851822
-8.411130905
-8.356403351
-8.284713745
-8.274471283
-8.275432587
-8.305515289
-8.367923737
-8.383605957
-8.397048950
-8.435132980
-8.452735901
-8.452415466
-8.450176239
-8.449855804
-8.438333511
-8.416891098
-8.398969650
-8.389047623
-8.374965668
-8.339441299
-8.267431259
-8.229345322
-8.210462570
-8.239267349
-8.351922989
-8.422651291
-8.431613922
-8.444734573
-8.448575974
-8.417531967
-8.402170181
-8.339441299
-8.314796448
-8.300395966
-8.273511887
-8.219743729
-8.204381943
-8.238306046
-8.258789062
-8.293354034
-8.321517944
-8.345842361
-8.368244171
-8.377845764
-8.384246826
-8.383605957
-8.425533295
-8.428092957
-8.377204895
-8.296554565
-8.235425949
-8.222944260
-8.218143463
-8.239906311
-8.262630463
-8.283752441
-8.349361420
-8.409210205
-8.432893753
-8.452415466
-8.453056335
-8.449214935
-8.401208878
-8.318637848
-8.267749786
-8.229665756
-8.246948242
-8.250787735
-8.274150848
-8.321517944
-8.378805161
-8.412731171
-8.424251556
-8.438333511
-8.446016312
-8.442495346
-8.441534042
-8.421691895
-8.349681854
-8.276712418
-8.271591187
-8.268711090
-8.258789062
-8.228385925
-8.259750366
-8.279912949
-8.314796448
-8.355442047
-8.372406006
-8.410810471
-8.438974380
-8.441534042
-8.434173584
-8.449855804
-8.438974380
-8.433534622
-8.384567261
-8.325998306
-8.299755096
-8.312236786
-8.253349304
-8.245347977
-8.232866287
-8.251749039
-8.272232056
-8.307756424
-8.333040237
-8.347442627
-8.371765137
-8.416891098
-8.433534622
-8.438014984
-8.435773849
-8.448255539
-8.446655273
-8.439294815
-8.399929047
-8.327278137
-8.257188797
-8.228385925
-8.215583801
-8.298154831
-8.352241516
-8.398008347
-8.399929047
-8.415931702
-8.417531967
-8.432893753
-8.442815781
-8.443454742
-8.425851822
-8.362804413
-8.301355362
-8.244068146
-8.215263367
-8.285032272
-8.294633865
-8.342321396
-8.382005692
-8.424892426
-8.434494019
-8.448255539
-8.450176239
-8.443454742
-8.402488708
-8.352882385
-8.322797775
-8.270631790
-8.245027542
-8.238626480
-8.236705780
-8.232545853
-8.250787735
-8.281192780
-8.299114227
-8.309995651
-8.340400696
-8.375925064
-8.398969650
-8.430973053
-8.435773849
-8.442495346
-8.444416046
-8.436733246
-8.426813126
-8.406969070
-8.376565933
-8.305194855
-8.235746384
-8.220703125
-8.223903656
-8.221023560
-8.220384598
-8.243747711
-8.342960358
-8.407609940
-8.443454742
-8.445055008
-8.442174911
-8.427772522
-8.428733826
-8.429372787
-8.421691895
-8.412731171
-8.418170929
-8.386806488
-8.323759079
-8.276071548
-8.255588531
-8.255908966
-8.255268097
-8.267110825
-8.298154831
-8.302955627
-8.360883713
-8.385206223
-8.403129578
-8.422971725
-8.428413391
-8.430334091
-8.426492691
-8.415290833
-8.359283447
-8.315437317
-8.269670486
-8.231904984
-8.226785660
-8.237985611
-8.272871017
-8.315437317
-8.318958282
-8.321197510
-8.346481323
-8.388406754
-8.425851822
-8.441854477
-8.434173584
-8.419450760
-8.418491364
-8.406009674
-8.349361420
-8.278951645
-8.255908966
-8.239585876
-8.244068146
-8.260068893
-8.298154831
-8.350322723
-8.376245499
-8.393527985
-8.409530640
-8.437053680
-8.435773849
-8.442815781
-8.437694550
-8.438014984
-8.425212860
-8.411451340
-8.350002289
-8.267749786
-8.221984863
-8.208862305
-8.211742401
-8.210462570
-8.215583801
-8.245027542
-8.280551910
-8.322797775
-8.357042313
-8.383605957
-8.408569336
-8.418811798
-8.422012329
-8.421691895
-8.407289505
-8.367284775
-8.317358017
-8.248548508
-8.240226746
-8.231904984
-8.236066818
-8.249828339
-8.283113480
-8.294954300
-8.287914276
-8.307756424
-8.360883713
-8.384246826
-8.397369385
-8.414331436
-8.429372787
-8.438974380
-8.438333511
-8.432573318
-8.410490036
-8.376245499
-8.314157486
-8.241506577
-8.215583801
-8.207262039
-8.218463898
-8.245027542
-8.240867615
-8.246948242
-8.296234131
-8.331119537
-8.342960358
-8.344242096
-8.362804413
-8.396728516
-8.405689240
-8.409210205
-8.415931702
-8.419132233
-8.418170929
-8.406330109
-8.355762482
-8.317037582
-8.285993576
-8.254629135
-8.235425949
-8.234146118
-8.247907639
-8.283432007
-8.338479996
-8.357362747
-8.360883713
-8.390327454
-8.425533295
-8.433214188
-8.433853149
-8.431934357
-8.437374115
-8.436094284
-8.423612595
-8.382005692
-8.323118210
-8.279912949
-8.236385345
-8.204381943
-8.200860977
-8.216222763
-8.263589859
-8.302635193
-8.310316086
-8.327598572
-8.368564606
-8.391607285
-8.402170181
-8.399288177
-8.409530640
-8.416570663
-8.422012329
-8.420732498
-8.403129578
-8.351282120
-8.318958282
-8.276712418
-8.247268677
-8.231266022
-8.240867615
-8.270631790
-8.307435989
-8.332399368
-8.353523254
-8.391607285
-8.424251556
-8.429693222
-8.426813126
-8.432893753
-8.440895081
-8.438014984
-8.426172256
-8.369205475
-8.306795120
-8.289194107
-8.288232803
-8.253349304
-8.212383270
-8.197340012
-8.200540543
-8.223903656
-8.257509232
-8.290473938
-8.339759827
-8.366004944
-8.387126923
-8.404729843
-8.417211533
-8.421691895
-8.424892426
-8.420412064
-8.396728516
-8.378486633
-8.379125595
-8.367923737
-8.303276062
-8.257509232
-8.243747711
-8.249507904
-8.245027542
-8.238306046
-8.245027542
-8.250148773
-8.271270752
-8.314796448
-8.349040985
-8.378166199
-8.410169601
-8.423933029
-8.432573318
-8.435773849
-8.438653946
-8.437053680
-8.429693222
-8.387447357
-8.315437317
-8.300714493
-8.308715820
-8.275432587
-8.220384598
-8.197660446
-8.194780350
-8.202781677
-8.217184067
-8.234146118
-8.256549835
-8.284713745
-8.335279465
-8.364723206
-8.387767792
-8.407930374
-8.418491364
-8.422332764
-8.420091629
-8.400888443
-8.376245499
-8.332078934
-8.272550583
-8.240867615
-8.229986191
-8.237346649
-8.257188797
-8.298795700
-8.318958282
-8.327598572
-8.373685837
-8.418170929
-8.425851822
-8.428733826
-8.434494019
-8.440574646
-8.440254211
-8.421691895
-8.370805740
-8.315437317
-8.267431259
-8.219423294
-8.198301315
-8.206941605
-8.237985611
-8.287273407
-8.314157486
-8.318637848
-8.355442047
-8.389047623
-8.407930374
-8.415611267
-8.421371460
-8.422012329
-8.421051025
-8.418170929
-8.393207550
-8.337200165
-8.301996231
-8.269990921
-8.249828339
-8.246627808
-8.257829666
-8.295595169
-8.347122192
-8.368244171
-8.384567261
-8.411451340
-8.432573318
-8.446334839
-8.442815781
-8.438333511
-8.422012329
-8.408250809
-8.396087646
-8.344560623
-8.273191452
-8.232866287
-8.216863632
-8.215263367
-8.230625153
-8.256229401
-8.295913696
-8.333040237
-8.360883713
-8.385206223
-8.410810471
-8.421691895
-8.427133560
-8.426813126
-8.413370132
-8.396408081
-8.393207550
-8.363122940
-8.291753769
-8.257188797
-8.256868362
-8.254629135
-8.245347977
-8.256868362
-8.262948990
-8.274471283
-8.321838379
-8.366964340
-8.387126923
-8.412410736
-8.429052353
-8.440254211
-8.442815781
-8.443134308
-8.435132980
-8.421371460
-8.383287430
-8.301675797
-8.257829666
-8.243106842
-8.228065491
-8.218784332
-8.222623825
-8.219743729
-8.246627808
-8.309995651
-8.327919006
-8.323759079
-8.323438644
-8.362163544
-8.390007019
-8.402170181
-8.416570663
-8.425212860
-8.428092957
-8.422332764
-8.382646561
-8.341041565
-8.302635193
-8.261350632
-8.244707108
-8.236385345
-8.240226746
-8.257509232
-8.305194855
-8.323118210
-8.302635193
-8.368244171
-8.412090302
-8.433534622
-8.439933777
-8.434494019
-8.436094284
-8.450176239
-8.450815201
-8.441534042
-8.407289505
-8.355123520
-8.311916351
-8.257188797
-8.219743729
-8.215904236
-8.237346649
-8.282793045
-8.295274734
-8.310636520
-8.356723785
-8.382005692
-8.396408081
-8.394487381
-8.408569336
-8.426172256
-8.431934357
-8.435453415
-8.432252884
-8.426172256
-8.412410736
-8.401849747
-8.384567261
-8.335599899
-8.288553238
-8.265510559
-8.249828339
-8.253349304
-8.274791718
-8.311277390
-8.364404678
-8.394807816
-8.405050278
-8.429372787
-8.448896408
-8.456897736
-8.455615997
-8.447616577
-8.442495346
-8.431934357
-8.426172256
-8.376245499
-8.298154831
-8.252388000
-8.232866287
-8.222944260
-8.224544525
-8.222944260
-8.228704453
-8.242467880
-8.302635193
-8.328239441
-8.353202820
-8.397687912
-8.412410736
-8.404729843
-8.402488708
-8.433853149
-8.433853149
-8.437053680
-8.440574646
-8.455615997
-8.436733246
-8.400249481
-8.348402023
-8.271270752
-8.228385925
-8.213342667
-8.222623825
-8.305515289
-8.334320068
-8.401849747
-8.447616577
-8.450176239
-8.432252884
-8.382005692
-8.338800430
-8.306476593
-8.248228073
-8.206302643
-8.206621170
-8.212383270
-8.219102859
-8.249187469
-8.261989594
-8.290153503
-8.334320068
-8.381366730
-8.429693222
-8.437694550
-8.436414719
-8.440574646
-8.452096939
-8.452096939
-8.436414719
-8.391927719
-8.366964340
-8.346481323
-8.290473938
-8.249828339
-8.232545853
-8.225185394
-8.211742401
-8.207582474
-8.218463898
-8.252388000
-8.305194855
-8.334959030
-8.363763809
-8.393848419
-8.421691895
-8.430013657
-8.436094284
-8.429052353
-8.398328781
-8.394168854
-8.384246826
-8.382005692
-8.365043640
-8.329839706
-8.295913696
-8.267749786
-8.246948242
-8.245668411
-8.248548508
-8.256229401
-8.270950317
-8.307435989
-8.333040237
-8.360242844
-8.408889771
-8.416252136
-8.429052353
-8.430973053
-8.446655273
-8.452096939
-8.453697205
-8.451135635
-8.431293488
-8.388088226
-8.358642578
-8.344881058
-8.306795120
-8.261989594
-8.224544525
-8.213342667
-8.218784332
-8.248548508
-8.298154831
-8.343601227
-8.360883713
-8.386487961
-8.418170929
-8.428092957
-8.431293488
-8.429052353
-8.392248154
-8.382005692
-8.336879730
-8.333999634
-8.273832321
-8.246948242
-8.227104187
-8.214622498
-8.261989594
-8.290153503
-8.320238113
-8.359283447
-8.376886368
-8.404729843
-8.418170929
-8.424571991
-8.432893753
-8.426172256
-8.373685837
-8.357042313
-8.353841782
-8.292713165
-8.247268677
-8.239906311
-8.243427277
-8.237985611
-8.261030197
-8.297834396
-8.315757751
-8.341041565
-8.355123520
-8.392568588
-8.399929047
-8.399929047
-8.405050278
-8.426172256
-8.437053680
-8.442174911
-8.434814453
-8.417852402
-8.378486633
-8.350641251
-8.296875000
-8.306795120
-8.249507904
-8.230304718
-8.215904236
-8.202140808
-8.235746384
-8.284072876
-8.303596497
-8.303915024
-8.389047623
-8.393207550
-8.413370132
-8.424571991
-8.422332764
-8.431934357
-8.442495346
-8.449214935
-8.446016312
-8.438014984
-8.418170929
-8.406009674
-8.408889771
-8.383287430
-8.310956955
-8.273511887
-8.303915024
-8.309036255
-8.377845764
-8.437053680
-8.441215515
-8.445375443
-8.437053680
-8.389047623
-8.315437317
-8.284072876
-8.256549835
-8.231586456
-8.205341339
-8.205020905
-8.207262039
-8.199901581
-8.202461243
-8.198301315
-8.203741074
-8.205020905
-8.227745056
-8.229665756
-8.277671814
-8.321197510
-8.377525330
-8.367605209
-8.390007019
-8.410490036
-8.415290833
-8.419450760
-8.422012329
-8.430652618
-8.427452087
-8.427452087
-8.430652618
-8.424892426
-8.406650543
-8.390968323
-8.355123520
-8.298154831
-8.245027542
-8.240226746
-8.226144791
-8.230304718
-8.251749039
-8.243747711
-8.282472610
-8.326318741
-8.339759827
-8.343921661
-8.359603882
-8.379766464
-8.409851074
-8.419132233
-8.424571991
-8.425212860
-8.427133560
-8.421691895
-8.393527985
-8.328878403
-8.312877655
-8.304235458
-8.293994904
-8.264230728
-8.239267349
-8.237985611
-8.246627808
-8.279272079
-8.302635193
-8.277992249
-8.297834396
-8.345201492
-8.372406006
-8.389688492
-8.401529312
-8.415931702
-8.424892426
-8.427772522
-8.426813126
-8.426492691
-8.429052353
-8.424251556
-8.407609940
-8.354162216
-8.332078934
-8.302314758
-8.258468628
-8.239267349
-8.232545853
-8.230945587
-8.251108170
-8.291753769
-8.299114227
-8.324077606
-8.365043640
-8.395769119
-8.424892426
-8.430013657
-8.426492691
-8.436414719
-8.447935104
-8.449214935
-8.442815781
-8.424571991
-8.388727188
-8.338800430

