31/07/2020 16:34:28
-8.446655273
-8.436414719
-8.414651871
-8.358963013
-8.322797775
-8.313837051
-8.235425949
-8.236705780
-8.232225418
-8.238626480
-8.233825684
-8.289194107
-8.316717148
-8.338800430
-8.385206223
-8.402170181
-8.424892426
-8.437053680
-8.444095612
-8.401208878
-8.300395966
-8.246948242
-8.239267349
-8.239906311
-8.262630463
-8.295595169
-8.357042313
-8.373044968
-8.403450012
-8.433534622
-8.428733826
-8.442174911
-8.437053680
-8.421051025
-8.357683182
-8.308395386
-8.269031525
-8.231904984
-8.238626480
-8.250467300
-8.240226746
-8.273832321
-8.327598572
-8.378166199
-8.385526657
-8.399608612
-8.416570663
-8.421371460
-8.425212860
-8.422971725
-8.414970398
-8.393848419
-8.374006271
-8.325359344
-8.269350052
-8.240867615
-8.244707108
-8.239585876
-8.236385345
-8.245027542
-8.265510559
-8.316078186
-8.354482651
-8.364404678
-8.383605957
-8.418491364
-8.430013657
-8.435453415
-8.431293488
-8.428733826
-8.434494019
-8.431613922
-8.423612595
-8.389368057
-8.336879730
-8.299114227
-8.257188797
-8.214303970
-8.195421219
-8.203102112
-8.240226746
-8.279272079
-8.299434662
-8.332399368
-8.365043640
-8.393527985
-8.397369385
-8.406330109
-8.412410736
-8.415611267
-8.416891098
-8.406969070
-8.356723785
-8.328559875
-8.314477921
-8.293674469
-8.247587204
-8.229665756
-8.237667084
-8.259429932
-8.295913696
-8.328559875
-8.370485306
-8.407930374
-8.420412064
-8.422332764
-8.430652618
-8.430013657
-8.431613922
-8.426813126
-8.384246826
-8.312557220
-8.299755096
-8.293994904
-8.253667831
-8.203422546
-8.188699722
-8.188379288
-8.211421967
-8.252388000
-8.279912949
-8.323438644
-8.350961685
-8.375925064
-8.397369385
-8.406009674
-8.410169601
-8.411130905
-8.402170181
-8.346160889
-8.313516617
-8.310956955
-8.287273407
-8.234785080
-8.218463898
-8.216222763
-8.224864960
-8.238946915
-8.267749786
-8.284393311
-8.302314758
-8.353523254
-8.396408081
-8.409210205
-8.424571991
-8.427772522
-8.424251556
-8.399929047
-8.344242096
-8.299755096
-8.253349304
-8.205982208
-8.186779022
-8.179098129
-8.189659119
-8.230304718
-8.267110825
-8.269670486
-8.271911621
-8.318637848
-8.355442047
-8.372085571
-8.386487961
-8.397687912
-8.405368805
-8.406650543
-8.401849747
-8.371444702
-8.321838379
-8.279272079
-8.236066818
-8.214622498
-8.219102859
-8.233184814
-8.277992249
-8.298795700
-8.295913696
-8.319276810
-8.374324799
-8.391607285
-8.394168854
-8.398969650
-8.414970398
-8.427772522
-8.429693222
-8.425212860
-8.418811798
-8.398328781
-8.373685837
-8.333679199
-8.274471283
-8.221984863
-8.197021484
-8.198301315
-8.205982208
-8.222944260
-8.263589859
-8.306795120
-8.335920334
-8.342321396
-8.376886368
-8.392568588
-8.402170181
-8.403770447
-8.402488708
-8.388088226
-8.371124268
-8.352561951
-8.307115555
-8.241506577
-8.223585129
-8.220384598
-8.233184814
-8.259109497
-8.287273407
-8.333360672
-8.376245499
-8.387447357
-8.395448685
-8.410490036
-8.419450760
-8.425533295
-8.420412064
-8.398008347
-8.350641251
-8.329198837
-8.306476593
-8.242786407
-8.193500519
-8.181978226
-8.183898926
-8.205341339
-8.234785080
-8.267110825
-8.314796448
-8.343601227
-8.361524582
-8.384887695
-8.397687912
-8.404088974
-8.404729843
-8.395128250
-8.351282120
-8.327919006
-8.315757751
-8.264549255
-8.220703125
-8.211421967
-8.212062836
-8.229665756
-8.258150101
-8.280551910
-8.296875000
-8.328239441
-8.373685837
-8.394487381
-8.405689240
-8.419771194
-8.421691895
-8.413370132
-8.367284775
-8.314157486
-8.293033600
-8.259109497
-8.204702377
-8.180377960
-8.175897598
-8.190620422
-8.221343994
-8.257188797
-8.267110825
-8.287273407
-8.342641830
-8.360563278
-8.375286102
-8.388088226
-8.399929047
-8.404088974
-8.403129578
-8.381046295
-8.344881058
-8.310956955
-8.255268097
-8.220703125
-8.215263367
-8.221984863
-8.249187469
-8.294633865
-8.299434662
-8.301675797
-8.339759827
-8.392248154
-8.394807816
-8.399929047
-8.405050278
-8.427452087
-8.426492691
-8.426492691
-8.415290833
-8.374965668
-8.331439972
-8.281513214
-8.234146118
-8.204702377
-8.193180084
-8.207262039
-8.234146118
-8.250467300
-8.293994904
-8.341680527
-8.363763809
-8.368564606
-8.383605957
-8.405368805
-8.409851074
-8.410169601
-8.396408081
-8.335279465
-8.317358017
-8.310316086
-8.301996231
-8.264549255
-8.229024887
-8.223585129
-8.230304718
-8.253988266
-8.288232803
-8.330478668
-8.374324799
-8.397048950
-8.403129578
-8.418811798
-8.427452087
-8.433853149
-8.434173584
-8.420732498
-8.388088226
-8.374965668
-8.379125595
-8.350961685
-8.278951645
-8.226144791
-8.204381943
-8.199901581
-8.220384598
-8.241827011
-8.283752441
-8.321517944
-8.347442627
-8.367923737
-8.389688492
-8.403450012
-8.406969070
-8.408569336
-8.393848419
-8.366004944
-8.352561951
-8.307756424
-8.242467880
-8.227745056
-8.219102859
-8.227424622
-8.238946915
-8.261669159
-8.284713745
-8.320558548
-8.366964340
-8.392887115
-8.401208878
-8.415931702
-8.428413391
-8.430334091
-8.423612595
-8.387126923
-8.352241516
-8.325998306
-8.271591187
-8.206941605
-8.189979553
-8.190620422
-8.211742401
-8.233505249
-8.240547180
-8.236385345
-8.257188797
-8.309356689
-8.328239441
-8.350961685
-8.376565933
-8.396728516
-8.408889771
-8.412410736
-8.409851074
-8.397048950
-8.375286102
-8.312557220
-8.258150101
-8.240547180
-8.236066818
-8.236066818
-8.253988266
-8.251108170
-8.256229401
-8.296875000
-8.352241516
-8.370164871
-8.371765137
-8.387767792
-8.419132233
-8.428413391
-8.430652618
-8.434173584
-8.437053680
-8.438014984
-8.427452087
-8.393527985
-8.365684509
-8.362163544
-8.293994904
-8.229345322
-8.203422546
-8.247268677
-8.234146118
-8.254629135
-8.250467300
-8.299114227
-8.341041565
-8.370485306
-8.376886368
-8.366323471
-8.427772522
-8.431613922
-8.433853149
-8.428092957
-8.394487381
-8.346160889
-8.291433334
-8.233505249
-8.220064163
-8.211421967
-8.210783005
-8.221343994
-8.232866287
-8.223264694
-8.235105515
-8.279912949
-8.315757751
-8.390968323
-8.424571991
-8.422971725
-8.416252136
-8.406330109
-8.363763809
-8.295595169
-8.257188797
-8.237667084
-8.240226746
-8.259429932
-8.298154831
-8.355762482
-8.379766464
-8.390327454
-8.409210205
-8.423292160
-8.422651291
-8.422332764
-8.412731171
-8.394807816
-8.421051025
-8.387126923
-8.319917679
-8.248548508
-8.238306046
-8.197021484
-8.208541870
-8.249187469
-8.268711090
-8.295595169
-8.332399368
-8.361204147
-8.390327454
-8.405689240
-8.409530640
-8.412090302
-8.414011002
-8.416570663
-8.419450760
-8.416891098
-8.398008347
-8.322797775
-8.311595917
-8.302635193
-8.304555893
-8.215583801
-8.191259384
-8.204381943
-8.216863632
-8.268390656
-8.268070221
-8.351602554
-8.414970398
-8.417531967
-8.418811798
-8.416570663
-8.390007019
-8.356723785
-8.317037582
-8.269670486
-8.209182739
-8.189979553
-8.206941605
-8.244707108
-8.271591187
-8.267110825
-8.263589859
-8.313196182
-8.359603882
-8.381687164
-8.395769119
-8.413370132
-8.418811798
-8.420412064
-8.419132233
-8.416891098
-8.409210205
-8.397048950
-8.385206223
-8.342321396
-8.309036255
-8.289833069
-8.273832321
-8.240226746
-8.227104187
-8.230945587
-8.249507904
-8.291753769
-8.293033600
-8.340721130
-8.413051605
-8.442174911
-8.440254211
-8.434494019
-8.403129578
-8.356082916
-8.329519272
-8.314157486
-8.283113480
-8.281513214
-8.271911621
-8.229986191
-8.196380615
-8.195100784
-8.220064163
-8.258468628
-8.294954300
-8.282472610
-8.292394638
-8.373044968
-8.405368805
-8.410810471
-8.408569336
-8.396408081
-8.407930374
-8.420091629
-8.420732498
-8.419771194
-8.399608612
-8.413051605
-8.412731171
-8.397687912
-8.374324799
-8.351282120
-8.250467300
-8.180377960
-8.220703125
-8.266469955
-8.294633865
-8.337841034
-8.354162216
-8.377204895
-8.415931702
-8.426172256
-8.414011002
-8.411451340
-8.405368805
-8.399288177
-8.419771194
-8.395769119
-8.350322723
-8.287914276
-8.244707108
-8.193180084
-8.189340591
-8.198301315
-8.226465225
-8.270950317
-8.287273407
-8.292713165
-8.317358017
-8.347761154

