31/07/2020 16:34:35
-8.438333511
-8.413690567
-8.417531967
-8.426492691
-8.419771194
-8.385526657
-8.368885040
-8.368885040
-8.343280792
-8.269670486
-8.219423294
-8.223903656
-8.248228073
-8.232225418
-8.235425949
-8.243106842
-8.273191452
-8.293994904
-8.355442047
-8.395128250
-8.401208878
-8.416570663
-8.418170929
-8.391927719
-8.411769867
-8.413370132
-8.418170929
-8.415931702
-8.393848419
-8.397048950
-8.273191452
-8.221343994
-8.234466553
-8.276712418
-8.309356689
-8.348722458
-8.382326126
-8.391607285
-8.402170181
-8.424251556
-8.432893753
-8.433214188
-8.432252884
-8.416570663
-8.391286850
-8.340080261
-8.267431259
-8.254629135
-8.269990921
-8.261669159
-8.236066818
-8.218784332
-8.240547180
-8.252708435
-8.297195435
-8.323118210
-8.345201492
-8.393527985
-8.401529312
-8.411130905
-8.414970398
-8.415931702
-8.417531967
-8.420091629
-8.411769867
-8.366964340
-8.371765137
-8.294633865
-8.281192780
-8.250148773
-8.235746384
-8.230945587
-8.193500519
-8.212383270
-8.210462570
-8.217504501
-8.230625153
-8.274471283
-8.276391983
-8.274471283
-8.285993576
-8.322158813
-8.380086899
-8.423933029
-8.426172256
-8.433534622
-8.439933777
-8.440895081
-8.430652618
-8.401208878
-8.389047623
-8.369844437
-8.301034927
-8.264869690
-8.248867035
-8.246948242
-8.240867615
-8.215583801
-8.198621750
-8.200222015
-8.205661774
-8.237985611
-8.278631210
-8.307115555
-8.331439972
-8.363763809
-8.380405426
-8.403450012
-8.406009674
-8.417211533
-8.421371460
-8.432573318
-8.439294815
-8.424571991
-8.394807816
-8.377204895
-8.292713165
-8.290794373
-8.213983536
-8.223585129
-8.202781677
-8.207902908
-8.249507904
-8.292074203
-8.325359344
-8.356082916
-8.382326126
-8.397048950
-8.409530640
-8.417211533
-8.426492691
-8.422651291
-8.421691895
-8.427452087
-8.420732498
-8.374965668
-8.340721130
-8.339441299
-8.308395386
-8.242467880
-8.237026215
-8.229345322
-8.231904984
-8.237985611
-8.215263367
-8.220384598
-8.252067566
-8.275751114
-8.321838379
-8.348081589
-8.382966995
-8.406009674
-8.414011002
-8.418170929
-8.420091629
-8.423933029
-8.418491364
-8.397369385
-8.322797775
-8.305194855
-8.255908966
-8.241506577
-8.263589859
-8.240226746
-8.233505249
-8.270631790
-8.313196182
-8.357042313
-8.373365402
-8.393207550
-8.412090302
-8.417852402
-8.421051025
-8.423292160
-8.421051025
-8.408889771
-8.350322723
-8.288873672
-8.258150101
-8.257829666
-8.243427277
-8.262630463
-8.268070221
-8.258468628
-8.289833069
-8.348722458
-8.407289505
-8.412090302
-8.414011002
-8.437374115
-8.450815201
-8.449535370
-8.446334839
-8.440574646
-8.423612595
-8.371124268
-8.307756424
-8.254308701
-8.224224091
-8.218784332
-8.238626480
-8.326639175
-8.357042313
-8.382326126
-8.380405426
-8.320558548
-8.304235458
-8.356082916
-8.403129578
-8.394487381
-8.291433334
-8.247907639
-8.217504501
-8.224864960
-8.270311356
-8.326318741
-8.354803085
-8.402809143
-8.446016312
-8.421691895
-8.432893753
-8.429052353
-8.429693222
-8.415611267
-8.344560623
-8.318637848
-8.321517944
-8.249507904
-8.221664429
-8.204702377
-8.196701050
-8.207262039
-8.253349304
-8.272871017
-8.326639175
-8.361524582
-8.383287430
-8.402809143
-8.409851074
-8.418491364
-8.428413391
-8.430973053
-8.430013657
-8.429372787
-8.424251556
-8.418491364
-8.415290833
-8.366323471
-8.329839706
-8.320877075
-8.355442047
-8.285993576
-8.252708435
-8.221984863
-8.236385345
-8.236066818
-8.264869690
-8.284072876
-8.305194855
-8.339759827
-8.353841782
-8.369844437
-8.388727188
-8.422971725
-8.447616577
-8.451135635
-8.447296143
-8.445055008
-8.399288177
-8.379446030
-8.304555893
-8.273511887
-8.263589859
-8.221343994
-8.286314011
-8.318958282
-8.352561951
-8.378166199
-8.409530640
-8.414011002
-8.412090302
-8.428092957
-8.432573318
-8.434494019
-8.427772522
-8.420732498
-8.416891098
-8.383926392
-8.324077606
-8.267431259
-8.247907639
-8.252708435
-8.259109497
-8.285032272
-8.296234131
-8.267749786
-8.305515289
-8.325998306
-8.337841034
-8.342321396
-8.351602554
-8.364723206
-8.395128250
-8.415290833
-8.442815781
-8.449214935
-8.449214935
-8.429052353
-8.365364075
-8.321197510
-8.313516617
-8.285673141
-8.230945587
-8.211103439
-8.205982208
-8.226144791
-8.216863632
-8.230625153
-8.269031525
-8.322158813
-8.374965668
-8.394807816
-8.388727188
-8.430652618
-8.430973053
-8.425533295
-8.407930374
-8.357042313
-8.314796448
-8.258150101
-8.251108170
-8.248867035
-8.260709763
-8.293033600
-8.339441299
-8.377845764
-8.380725861
-8.393207550
-8.433214188
-8.439294815
-8.425851822
-8.445055008
-8.426172256
-8.391607285
-8.334640503
-8.323759079
-8.291112900
-8.254949570
-8.228704453
-8.210142136
-8.209182739
-8.214942932
-8.218463898
-8.292074203
-8.277992249
-8.299755096
-8.387447357
-8.416570663
-8.430973053
-8.427452087
-8.435453415
-8.436414719
-8.412731171
-8.342000961
-8.255908966
-8.216543198
-8.210783005
-8.252067566
-8.299434662
-8.316717148
-8.348081589
-8.378805161
-8.407609940
-8.421371460
-8.424251556
-8.431613922
-8.429372787
-8.411451340
-8.373044968
-8.305194855
-8.297834396
-8.270311356
-8.254308701
-8.240547180
-8.231586456
-8.221023560
-8.249828339
-8.299114227
-8.333679199
-8.365684509
-8.406650543
-8.419771194
-8.426813126
-8.431293488
-8.429052353
-8.418811798
-8.382005692
-8.317037582
-8.289833069
-8.239585876
-8.242786407
-8.252708435
-8.271591187
-8.313516617
-8.366643906
-8.392248154
-8.407609940
-8.411769867
-8.427772522
-8.435453415
-8.446975708
-8.426813126
-8.368564606
-8.334320068
-8.272550583
-8.229345322
-8.215583801
-8.206941605
-8.221984863
-8.246627808
-8.272550583
-8.286314011
-8.315757751
-8.357362747
-8.381687164
-8.396408081
-8.424571991
-8.429372787
-8.430652618
-8.431934357
-8.409530640
-8.378486633
-8.378805161
-8.387767792
-8.370485306
-8.313837051
-8.291433334
-8.208862305
-8.211421967
-8.217504501
-8.244386673
-8.303915024
-8.321838379
-8.370485306
-8.383926392
-8.403770447
-8.408889771
-8.417531967
-8.382646561
-8.307756424
-8.262630463
-8.239585876
-8.251428604
-8.280551910
-8.301675797
-8.307115555
-8.345521927
-8.388406754
-8.386167526
-8.446655273
-8.444416046
-8.445055008
-8.410169601
-8.354803085
-8.344881058
-8.344881058
-8.293033600
-8.221343994
-8.202461243
-8.204702377
-8.229665756
-8.333999634
-8.326318741
-8.354803085
-8.398328781
-8.423612595
-8.430652618
-8.410490036
-8.407289505
-8.397369385
-8.402809143
-8.386167526
-8.335599899
-8.277030945
-8.234466553
-8.230625153
-8.230304718
-8.230304718
-8.216222763
-8.228065491
-8.233825684
-8.286314011
-8.353841782
-8.399929047
-8.432893753
-8.431934357
-8.428733826
-8.433214188
-8.432893753
-8.431613922
-8.417531967
-8.367284775
-8.327919006
-8.293354034
-8.241827011
-8.203741074
-8.199260712
-8.231586456
-8.269350052
-8.299434662
-8.341680527
-8.410810471
-8.416891098
-8.413370132
-8.402809143
-8.367605209
-8.344560623
-8.333679199
-8.260389328
-8.200860977
-8.197340012
-8.230304718
-8.254949570
-8.244386673
-8.276071548
-8.309995651
-8.317678452
-8.330478668
-8.337841034
-8.345842361
-8.413370132
-8.412090302
-8.413370132
-8.388727188
-8.319597244
-8.297195435
-8.265830994
-8.231266022
-8.222623825
-8.208862305
-8.226785660
-8.273191452
-8.296234131
-8.311916351
-8.395769119
-8.411451340
-8.425851822
-8.421691895
-8.426492691
-8.430973053
-8.436094284
-8.431293488
-8.423612595
-8.417211533
-8.403129578
-8.354482651
-8.276391983
-8.245668411
-8.234785080
-8.217823029
-8.204381943
-8.200860977
-8.197340012
-8.212383270
-8.265830994
-8.293354034
-8.309036255
-8.324718475
-8.361524582
-8.387767792
-8.400569916
-8.411130905
-8.415290833
-8.415611267
-8.397369385
-8.336559296
-8.301675797
-8.268070221
-8.237985611
-8.235425949
-8.231904984
-8.243427277
-8.277992249
-8.332078934
-8.350641251
-8.353841782
-8.378166199
-8.417531967
-8.427772522
-8.431613922
-8.430973053
-8.433214188
-8.427452087
-8.398649216
-8.343280792
-8.293994904
-8.248228073
-8.210142136
-8.198940277
-8.207582474

