31/07/2020 16:34:12
-8.269350052
-8.309677124
-8.346801758
-8.395128250
-8.426813126
-8.422651291
-8.428733826
-8.423612595
-8.409851074
-8.367284775
-8.319917679
-8.257509232
-8.240867615
-8.235425949
-8.204702377
-8.193500519
-8.212383270
-8.234785080
-8.279592514
-8.320877075
-8.355123520
-8.386167526
-8.398008347
-8.403450012
-8.410169601
-8.406330109
-8.409530640
-8.378805161
-8.358324051
-8.300395966
-8.283432007
-8.259109497
-8.245347977
-8.223585129
-8.223264694
-8.224224091
-8.250787735
-8.298475266
-8.317358017
-8.328559875
-8.361843109
-8.391927719
-8.412410736
-8.421051025
-8.425851822
-8.429052353
-8.420412064
-8.369205475
-8.301034927
-8.280872345
-8.219423294
-8.189340591
-8.185178757
-8.201822281
-8.247268677
-8.293674469
-8.316078186
-8.318637848
-8.323759079
-8.377525330
-8.379766464
-8.384887695
-8.401208878
-8.404409409
-8.406650543
-8.403450012
-8.368885040
-8.283432007
-8.261989594
-8.233825684
-8.219423294
-8.207902908
-8.245347977
-8.290153503
-8.342000961
-8.377204895
-8.387126923
-8.414011002
-8.424251556
-8.426172256
-8.421691895
-8.402488708
-8.360242844
-8.320558548
-8.254308701
-8.204702377
-8.184858322
-8.200860977
-8.235746384
-8.265830994
-8.299755096
-8.348722458
-8.373044968
-8.379766464
-8.390327454
-8.401849747
-8.406969070
-8.410169601
-8.404088974
-8.377845764
-8.374324799
-8.299114227
-8.271591187
-8.223585129
-8.213022232
-8.214942932
-8.217184067
-8.237026215
-8.264869690
-8.278951645
-8.310956955
-8.352561951
-8.374965668
-8.394168854
-8.424892426
-8.417531967
-8.426172256
-8.414970398
-8.379766464
-8.365043640
-8.358642578
-8.296875000
-8.226465225
-8.206621170
-8.207262039
-8.213342667
-8.201822281
-8.196380615
-8.206302643
-8.245668411
-8.286314011
-8.319276810
-8.344881058
-8.380086899
-8.392248154
-8.395448685
-8.403450012
-8.400888443
-8.398328781
-8.396408081
-8.366323471
-8.295274734
-8.262310028
-8.260709763
-8.244386673
-8.224544525
-8.219102859
-8.221023560
-8.235105515
-8.276071548
-8.305835724
-8.332078934
-8.374006271
-8.400888443
-8.412410736
-8.416252136
-8.422012329
-8.416891098
-8.390968323
-8.326318741
-8.257188797
-8.220703125
-8.223903656
-8.234146118
-8.243427277
-8.227745056
-8.269031525
-8.328559875
-8.337200165
-8.337841034
-8.347761154
-8.370164871
-8.402488708
-8.413051605
-8.416252136
-8.424892426
-8.424571991
-8.406330109
-8.353523254
-8.309995651
-8.292074203
-8.262948990
-8.210783005
-8.181339264
-8.181978226
-8.200540543
-8.246627808
-8.270631790
-8.276391983
-8.293354034
-8.343280792
-8.367923737
-8.381046295
-8.388088226
-8.393207550
-8.401849747
-8.404409409
-8.398008347
-8.370164871
-8.310956955
-8.255268097
-8.222303391
-8.203422546
-8.180698395
-8.208541870
-8.255908966
-8.262310028
-8.270631790
-8.321197510
-8.347442627
-8.360242844
-8.368244171
-8.405050278
-8.405050278
-8.409210205
-8.416252136
-8.419771194
-8.404088974
-8.388088226
-8.369205475
-8.330160141
-8.278312683
-8.230625153
-8.200540543
-8.188699722
-8.219102859
-8.230304718
-8.274471283
-8.314157486
-8.315116882
-8.333679199
-8.380405426
-8.387447357
-8.395128250
-8.399288177
-8.398649216
-8.400888443
-8.336559296
-8.267431259
-8.239267349
-8.222303391
-8.220064163
-8.230304718
-8.265510559
-8.297513962
-8.333999634
-8.374645233
-8.385206223
-8.386487961
-8.398969650
-8.415931702
-8.427133560
-8.428733826
-8.414331436
-8.398008347
-8.370485306
-8.369524002
-8.355442047
-8.294954300
-8.236066818
-8.206941605
-8.195739746
-8.199901581
-8.212062836
-8.236705780
-8.272550583
-8.310956955
-8.317037582
-8.326959610
-8.352882385
-8.371444702
-8.374965668
-8.390007019
-8.403450012
-8.407289505
-8.406650543
-8.390327454
-8.337200165
-8.323118210
-8.313196182
-8.277992249
-8.214622498
-8.213342667
-8.225185394
-8.255268097
-8.298795700
-8.316078186
-8.342000961
-8.350002289
-8.361524582
-8.370164871
-8.375606537
-8.398328781
-8.418491364
-8.421691895
-8.418491364
-8.424251556
-8.422332764
-8.411130905
-8.361843109
-8.290794373
-8.241186142
-8.229345322
-8.213983536
-8.195739746
-8.196701050
-8.216863632
-8.257509232
-8.324077606
-8.344881058
-8.369844437
-8.398008347
-8.403450012
-8.405689240
-8.405050278
-8.394807816
-8.377845764
-8.346481323
-8.282152176
-8.241506577
-8.251108170
-8.205020905
-8.197021484
-8.252708435
-8.273832321
-8.301034927
-8.350961685
-8.363763809
-8.383605957
-8.399288177
-8.406009674
-8.406330109
-8.401208878
-8.361843109
-8.335599899
-8.311916351
-8.253667831
-8.215583801
-8.217184067
-8.233505249
-8.277030945
-8.305515289
-8.301675797
-8.300075531
-8.337520599
-8.415611267
-8.420412064
-8.418811798
-8.426492691
-8.428733826
-8.428733826
-8.426492691
-8.429693222
-8.415611267
-8.386167526
-8.342321396
-8.297195435
-8.248548508
-8.205020905
-8.311277390
-8.342960358
-8.359924316
-8.391286850
-8.409851074
-8.396408081
-8.400888443
-8.382646561
-8.327278137
-8.319917679
-8.285673141
-8.215904236
-8.215904236
-8.213342667
-8.246307373
-8.298154831
-8.334959030
-8.359924316
-8.352241516
-8.378805161
-8.384567261
-8.391927719
-8.400569916
-8.404088974
-8.400249481
-8.380725861
-8.341680527
-8.291112900
-8.239585876
-8.221664429
-8.214942932
-8.209182739
-8.234785080
-8.226785660
-8.284713745
-8.320238113
-8.355123520
-8.384567261
-8.406009674
-8.406969070
-8.398328781
-8.371444702
-8.294313431
-8.234466553
-8.229986191
-8.226785660
-8.230625153
-8.253028870
-8.257829666
-8.244707108
-8.312877655
-8.330160141
-8.356082916
-8.350322723
-8.324398041
-8.337520599
-8.350002289
-8.378486633
-8.392887115
-8.399608612
-8.407289505
-8.398008347
-8.375606537
-8.326959610
-8.275751114
-8.252708435
-8.230304718
-8.215583801
-8.219102859
-8.235746384
-8.278951645
-8.305515289
-8.287593842
-8.348722458
-8.393207550
-8.405050278
-8.394487381
-8.414011002
-8.415290833
-8.412090302
-8.399288177
-8.369205475
-8.290794373
-8.221023560
-8.192859650
-8.195421219
-8.207262039
-8.230625153
-8.283752441
-8.299434662
-8.305194855
-8.342641830
-8.342641830
-8.361524582
-8.365364075
-8.391927719
-8.387447357
-8.403129578
-8.406969070
-8.400888443
-8.372724533
-8.294954300
-8.272550583
-8.230304718
-8.193500519
-8.181978226
-8.192539215
-8.248867035
-8.278312683
-8.306156158
-8.336240768
-8.346160889
-8.420412064
-8.416570663
-8.420412064
-8.421371460
-8.423292160
-8.420732498
-8.404409409
-8.354162216
-8.318317413
-8.318317413
-8.289833069
-8.222623825
-8.185819626
-8.179738998
-8.195739746
-8.296554565
-8.340400696
-8.387126923
-8.407609940
-8.413051605
-8.407289505
-8.396087646
-8.344881058
-8.279272079
-8.235425949
-8.187740326
-8.165336609
-8.168857574
-8.191259384
-8.306476593
-8.358963013
-8.367605209
-8.392887115
-8.397048950
-8.396728516
-8.398008347
-8.377845764
-8.330478668
-8.238306046
-8.182298660
-8.173017502
-8.176218033
-8.190299988
-8.203741074
-8.213022232
-8.236066818
-8.290153503
-8.329198837
-8.326959610
-8.325038910
-8.367923737
-8.382646561
-8.387126923
-8.381687164
-8.386806488
-8.385847092
-8.356403351
-8.319276810
-8.274150848
-8.231586456
-8.217184067
-8.205982208
-8.214303970
-8.234466553
-8.272232056
-8.339441299
-8.375606537
-8.389368057
-8.400249481
-8.409530640
-8.415611267
-8.415931702
-8.401849747
-8.358324051
-8.301996231
-8.309036255
-8.252067566
-8.189979553
-8.174938202
-8.173976898
-8.194459915
-8.212703705
-8.226785660
-8.247907639
-8.267110825
-8.317358017
-8.333999634
-8.364084244
-8.373685837
-8.376886368
-8.416570663
-8.411769867
-8.418811798
-8.418811798
-8.405368805
-8.363443375
-8.303596497
-8.230625153
-8.188699722
-8.213663101
-8.241506577
-8.292713165
-8.300714493
-8.329198837
-8.367923737
-8.379446030
-8.389047623
-8.397369385
-8.375286102
-8.327919006
-8.277992249
-8.277030945
-8.258150101
-8.237346649
-8.211421967
-8.199260712
-8.212383270
-8.246627808
-8.241827011
-8.260389328
-8.265830994
-8.313837051
-8.345201492
-8.356082916
-8.359924316
-8.368564606
-8.383605957
-8.388088226
-8.388727188

