31/07/2020 16:33:35
-8.417531967
-8.442815781
-8.441215515
-8.436094284
-8.434494019
-8.413370132
-8.363122940
-8.300075531
-8.247587204
-8.212703705
-8.203102112
-8.215583801
-8.260068893
-8.309995651
-8.341680527
-8.344881058
-8.364404678
-8.402809143
-8.413690567
-8.419771194
-8.418811798
-8.398008347
-8.392248154
-8.382646561
-8.355442047
-8.283432007
-8.252067566
-8.240547180
-8.236385345
-8.250467300
-8.275751114
-8.315437317
-8.362163544
-8.386167526
-8.395769119
-8.411130905
-8.412410736
-8.417852402
-8.419450760
-8.421371460
-8.414970398
-8.426172256
-8.391927719
-8.326639175
-8.257829666
-8.244068146
-8.224544525
-8.213022232
-8.226144791
-8.247587204
-8.286314011
-8.326639175
-8.356082916
-8.378166199
-8.401529312
-8.413690567
-8.410490036
-8.442495346
-8.431613922
-8.407609940
-8.392887115
-8.369844437
-8.303915024
-8.244068146
-8.241186142
-8.246307373
-8.225185394
-8.199581146
-8.199581146
-8.212383270
-8.254308701
-8.294313431
-8.321838379
-8.356403351
-8.384246826
-8.398328781
-8.410169601
-8.418491364
-8.421371460
-8.422971725
-8.418170929
-8.378805161
-8.285993576
-8.241506577
-8.238306046
-8.250148773
-8.259109497
-8.258789062
-8.284072876
-8.326639175
-8.353841782
-8.368244171
-8.383926392
-8.407289505
-8.424892426
-8.431613922
-8.436094284
-8.438333511
-8.426172256
-8.397687912
-8.370485306
-8.348402023
-8.319917679
-8.269990921
-8.209503174
-8.194780350
-8.210142136
-8.223585129
-8.232225418
-8.252708435
-8.263589859
-8.290473938
-8.352561951
-8.367284775
-8.386167526
-8.401208878
-8.414651871
-8.420412064
-8.420412064
-8.410810471
-8.391607285
-8.320238113
-8.281513214
-8.244386673
-8.244386673
-8.208862305
-8.227745056
-8.253988266
-8.246307373
-8.272232056
-8.335279465
-8.341041565
-8.368885040
-8.388406754
-8.412090302
-8.417852402
-8.420412064
-8.420732498
-8.416570663
-8.401849747
-8.374324799
-8.310956955
-8.268070221
-8.252708435
-8.240867615
-8.248548508
-8.269031525
-8.305194855
-8.359603882
-8.405050278
-8.414011002
-8.422012329
-8.432252884
-8.440574646
-8.443454742
-8.443134308
-8.428092957
-8.383287430
-8.345842361
-8.327919006
-8.291112900
-8.235746384
-8.209182739
-8.214942932
-8.234146118
-8.265830994
-8.301996231
-8.344881058
-8.378166199
-8.396728516
-8.416570663
-8.418170929
-8.423612595
-8.425212860
-8.420732498
-8.384246826
-8.380086899
-8.305194855
-8.282152176
-8.240547180
-8.232545853
-8.233825684
-8.238626480
-8.267431259
-8.306476593
-8.336240768
-8.376245499
-8.405050278
-8.416252136
-8.426813126
-8.437053680
-8.444416046
-8.442495346
-8.422012329
-8.365364075
-8.348722458
-8.356082916
-8.323438644
-8.261350632
-8.222944260
-8.218143463
-8.218143463
-8.209182739
-8.208221436
-8.227104187
-8.250787735
-8.286952972
-8.311916351
-8.333040237
-8.342960358
-8.348402023
-8.349361420
-8.359603882
-8.373044968
-8.394807816
-8.407609940
-8.417852402
-8.423612595
-8.421691895
-8.428092957
-8.393527985
-8.302314758
-8.237026215
-8.219423294
-8.213663101
-8.211742401
-8.220703125
-8.241186142
-8.312877655
-8.371444702
-8.406330109
-8.404409409
-8.414970398
-8.421691895
-8.424892426
-8.419771194
-8.390968323
-8.369205475
-8.335599899
-8.272871017
-8.242147446
-8.229024887
-8.232866287
-8.241827011
-8.262948990
-8.298475266
-8.335599899
-8.382966995
-8.414331436
-8.423933029
-8.429693222
-8.442174911
-8.442495346
-8.439615250
-8.415931702
-8.368564606
-8.366323471
-8.376245499
-8.342000961
-8.310956955
-8.292394638
-8.270950317
-8.245027542
-8.214303970
-8.195421219
-8.207902908
-8.245668411
-8.284713745
-8.297834396
-8.308715820
-8.328239441
-8.365043640
-8.371765137
-8.383287430
-8.398649216
-8.407289505
-8.427133560
-8.421691895
-8.404409409
-8.380725861
-8.363122940
-8.311916351
-8.282152176
-8.218463898
-8.220064163
-8.263269424
-8.290794373
-8.285673141
-8.365684509
-8.404409409
-8.428092957
-8.437374115
-8.436094284
-8.416252136
-8.389047623
-8.320558548
-8.284393311
-8.247907639
-8.239267349
-8.248228073
-8.249507904
-8.244068146
-8.297195435
-8.329839706
-8.361524582
-8.333040237
-8.371765137
-8.402488708
-8.407289505
-8.420412064
-8.413051605
-8.426492691
-8.402170181
-8.344242096
-8.242467880
-8.235425949
-8.250787735
-8.282152176
-8.337200165
-8.369205475
-8.367605209
-8.391927719
-8.407609940
-8.401849747
-8.449855804
-8.444416046
-8.431293488
-8.361843109
-8.342960358
-8.283432007
-8.261350632
-8.268070221
-8.223903656
-8.270631790
-8.302955627
-8.319917679
-8.367923737
-8.413690567
-8.421371460
-8.425533295
-8.438014984
-8.438974380
-8.417531967
-8.387447357
-8.325677872
-8.301034927
-8.262948990
-8.216863632
-8.192220688
-8.199581146
-8.225503922
-8.281831741
-8.310956955
-8.341041565
-8.376245499
-8.415290833
-8.412410736
-8.411451340
-8.385847092
-8.301355362
-8.257829666
-8.236066818
-8.240226746
-8.269670486
-8.318317413
-8.364084244
-8.398328781
-8.407289505
-8.430334091
-8.445055008
-8.439615250
-8.442495346
-8.426492691
-8.410810471
-8.374645233
-8.315437317
-8.288553238
-8.272871017
-8.271270752
-8.255588531
-8.200860977
-8.210462570
-8.221664429
-8.279592514
-8.336240768
-8.350641251
-8.366964340
-8.396408081
-8.409210205
-8.417211533
-8.420412064
-8.408569336
-8.350961685
-8.312236786
-8.254949570
-8.241827011
-8.236705780
-8.249828339
-8.284393311
-8.310956955
-8.328239441
-8.338800430
-8.392568588
-8.414331436
-8.425212860
-8.423612595
-8.427133560
-8.418811798
-8.412410736
-8.333360672
-8.337200165
-8.341041565
-8.271270752
-8.249187469
-8.227424622
-8.204061508
-8.240226746
-8.269350052
-8.315757751
-8.379446030
-8.390007019
-8.396087646
-8.416570663
-8.417211533
-8.421051025
-8.419132233
-8.419771194
-8.402170181
-8.366004944
-8.327598572
-8.303596497
-8.264230728
-8.234785080
-8.232545853
-8.234146118
-8.252067566
-8.235746384
-8.253988266
-8.307756424
-8.327278137
-8.353523254
-8.350961685
-8.359924316
-8.362163544
-8.383926392
-8.398649216
-8.394807816
-8.387767792
-8.432573318
-8.421051025
-8.414011002
-8.375925064
-8.266790390
-8.228704453
-8.238946915
-8.271270752
-8.284072876
-8.327598572
-8.346160889
-8.381366730
-8.405368805
-8.427772522
-8.430973053
-8.432893753
-8.431293488
-8.404729843
-8.375606537
-8.379766464
-8.346481323
-8.276391983
-8.263589859
-8.254949570
-8.260068893
-8.250787735
-8.207902908
-8.191259384
-8.236066818
-8.313837051
-8.355442047
-8.384887695
-8.407930374
-8.431613922
-8.418811798
-8.442495346
-8.439615250
-8.407930374
-8.355123520
-8.277351379
-8.249187469
-8.235425949
-8.241827011
-8.252708435
-8.292074203
-8.310956955
-8.340721130
-8.358003616
-8.394807816
-8.406009674
-8.417852402
-8.420732498
-8.423933029
-8.413370132
-8.364084244
-8.305515289
-8.266149521
-8.237026215
-8.240867615
-8.215583801
-8.218143463
-8.269350052
-8.308715820
-8.323759079
-8.320558548
-8.368244171
-8.399608612
-8.406009674
-8.383926392
-8.428733826
-8.431293488
-8.425851822
-8.417852402
-8.364084244
-8.314157486
-8.278951645
-8.255908966
-8.248867035
-8.234466553
-8.280872345
-8.332719803
-8.366323471
-8.370485306
-8.389368057
-8.423292160
-8.442174911
-8.447935104
-8.445375443
-8.447935104
-8.451135635
-8.438653946
-8.410490036
-8.347761154
-8.289194107
-8.269350052
-8.254949570
-8.244386673
-8.256868362
-8.285352707
-8.342321396
-8.374965668
-8.363763809
-8.371444702
-8.393207550
-8.420732498
-8.433534622
-8.436414719
-8.437053680
-8.446975708
-8.443134308
-8.420412064
-8.354162216
-8.297195435
-8.265830994
-8.237985611
-8.213022232
-8.222303391
-8.260068893
-8.305515289
-8.327919006
-8.351602554
-8.377845764
-8.403770447
-8.413370132
-8.415931702
-8.424571991
-8.425212860
-8.429372787
-8.424892426
-8.392568588
-8.333679199
-8.301034927
-8.280231476
-8.255268097
-8.239906311
-8.250467300
-8.272550583
-8.314477921
-8.353523254
-8.378805161
-8.409530640
-8.435132980
-8.438974380
-8.438014984
-8.441854477
-8.438014984
-8.438014984
-8.417211533
-8.349040985
-8.287914276
-8.273832321
-8.259750366

