31/07/2020 16:33:15
-8.337200165
-8.313516617
-8.325359344
-8.368885040
-8.395769119
-8.411451340
-8.419771194
-8.422012329
-8.419132233
-8.425851822
-8.387126923
-8.335920334
-8.265190125
-8.233184814
-8.232545853
-8.205661774
-8.215263367
-8.273191452
-8.297513962
-8.323438644
-8.352241516
-8.387767792
-8.411451340
-8.419771194
-8.424571991
-8.427772522
-8.418491364
-8.416570663
-8.379446030
-8.303915024
-8.256868362
-8.246948242
-8.200860977
-8.204702377
-8.207902908
-8.205020905
-8.217504501
-8.316078186
-8.373365402
-8.415931702
-8.442815781
-8.446655273
-8.453056335
-8.451456070
-8.441854477
-8.422651291
-8.406330109
-8.373685837
-8.308715820
-8.249187469
-8.238306046
-8.218143463
-8.230625153
-8.289514542
-8.332399368
-8.369844437
-8.423612595
-8.412090302
-8.437694550
-8.436094284
-8.435453415
-8.424571991
-8.396728516
-8.387126923
-8.360883713
-8.340080261
-8.294313431
-8.251749039
-8.241827011
-8.232225418
-8.239906311
-8.254629135
-8.240226746
-8.300714493
-8.337841034
-8.390327454
-8.381687164
-8.381687164
-8.445055008
-8.446334839
-8.420732498
-8.451135635
-8.437374115
-8.398969650
-8.313516617
-8.233184814
-8.258150101
-8.273511887
-8.300714493
-8.319597244
-8.344242096
-8.367923737
-8.369205475
-8.394487381
-8.411769867
-8.409210205
-8.425533295
-8.411769867
-8.405368805
-8.375286102
-8.287914276
-8.230625153
-8.204702377
-8.216543198
-8.242786407
-8.269990921
-8.323759079
-8.339441299
-8.361524582
-8.366643906
-8.422012329
-8.423933029
-8.425212860
-8.422332764
-8.412731171
-8.351922989
-8.333999634
-8.290794373
-8.237026215
-8.241827011
-8.231266022
-8.279272079
-8.311277390
-8.377525330
-8.391286850
-8.410169601
-8.422332764
-8.426813126
-8.418811798
-8.411769867
-8.405689240
-8.391927719
-8.346481323
-8.280551910
-8.255268097
-8.233825684
-8.210462570
-8.206621170
-8.193180084
-8.216863632
-8.285032272
-8.311916351
-8.326639175
-8.326318741
-8.339759827
-8.392568588
-8.414651871
-8.421051025
-8.433534622
-8.439615250
-8.443454742
-8.428413391
-8.385847092
-8.344881058
-8.306476593
-8.252067566
-8.211103439
-8.200222015
-8.210142136
-8.250787735
-8.289514542
-8.283432007
-8.287914276
-8.334320068
-8.371765137
-8.391927719
-8.393848419
-8.410810471
-8.423612595
-8.428733826
-8.428733826
-8.420091629
-8.383926392
-8.351922989
-8.304555893
-8.270311356
-8.246627808
-8.246948242
-8.271591187
-8.291753769
-8.305515289
-8.335599899
-8.391286850
-8.413051605
-8.403770447
-8.416252136
-8.445695877
-8.441215515
-8.446975708
-8.441854477
-8.413690567
-8.366323471
-8.344242096
-8.316717148
-8.253667831
-8.213983536
-8.209821701
-8.224544525
-8.258468628
-8.293354034
-8.339759827
-8.373365402
-8.383926392
-8.399288177
-8.419450760
-8.425533295
-8.430013657
-8.426492691
-8.396087646
-8.366643906
-8.365364075
-8.328878403
-8.258468628
-8.242147446
-8.238306046
-8.235105515
-8.249828339
-8.277671814
-8.297195435
-8.326639175
-8.362483978
-8.390968323
-8.412090302
-8.427772522
-8.441854477
-8.445375443
-8.438014984
-8.412090302
-8.377525330
-8.371124268
-8.347442627
-8.279592514
-8.223903656
-8.213663101
-8.216543198
-8.216863632
-8.213663101
-8.221984863
-8.230945587
-8.269670486
-8.316717148
-8.336879730
-8.367284775
-8.391927719
-8.408250809
-8.416252136
-8.421051025
-8.421051025
-8.416252136
-8.384567261
-8.310316086
-8.274150848
-8.270950317
-8.253667831
-8.238306046
-8.241506577
-8.234466553
-8.243427277
-8.276071548
-8.309677124
-8.330799103
-8.354162216
-8.390647888
-8.420732498
-8.429372787
-8.435773849
-8.444095612
-8.442174911
-8.425212860
-8.370805740
-8.318637848
-8.287273407
-8.244068146
-8.204702377
-8.192220688
-8.213663101
-8.256549835
-8.298154831
-8.315116882
-8.322797775
-8.356403351
-8.396087646
-8.406969070
-8.414970398
-8.420732498
-8.420732498
-8.410810471
-8.364404678
-8.312557220
-8.278951645
-8.254949570
-8.243106842
-8.244386673
-8.254308701
-8.284393311
-8.342641830
-8.371124268
-8.365684509
-8.385526657
-8.423933029
-8.436414719
-8.437694550
-8.433853149
-8.432893753
-8.441854477
-8.442815781
-8.431613922
-8.391607285
-8.339759827
-8.287914276
-8.231904984
-8.202781677
-8.207902908
-8.238306046
-8.292394638
-8.305835724
-8.318637848
-8.359924316
-8.383605957
-8.398649216
-8.398328781
-8.406650543
-8.420412064
-8.424571991
-8.426813126
-8.423292160
-8.419450760
-8.401208878
-8.377525330
-8.341041565
-8.282472610
-8.249187469
-8.242147446
-8.253988266
-8.269990921
-8.294313431
-8.342000961
-8.395448685
-8.411769867
-8.414331436
-8.427452087
-8.442495346
-8.447935104
-8.447296143
-8.435773849
-8.406969070
-8.384887695
-8.390968323
-8.376886368
-8.316396713
-8.260709763
-8.230625153
-8.212383270
-8.204702377
-8.212383270
-8.246307373
-8.289514542
-8.303915024
-8.323759079
-8.362804413
-8.387126923
-8.397687912
-8.398969650
-8.412731171
-8.417852402
-8.423933029
-8.423933029
-8.404729843
-8.335920334
-8.312236786
-8.301355362
-8.271591187
-8.237985611
-8.235425949
-8.246307373
-8.274791718
-8.319276810
-8.351922989
-8.384567261
-8.416570663
-8.427452087
-8.430013657
-8.436414719
-8.437694550
-8.435453415
-8.410810471
-8.349040985
-8.317996979
-8.311277390
-8.270311356
-8.216863632
-8.197021484
-8.198621750
-8.213342667
-8.261030197
-8.287273407
-8.303596497
-8.330160141
-8.356082916
-8.386806488
-8.404088974
-8.415611267
-8.419132233
-8.420412064
-8.403129578
-8.350961685
-8.317358017
-8.295595169
-8.251108170
-8.237667084
-8.230625153
-8.234146118
-8.263910294
-8.307756424
-8.323438644
-8.328239441
-8.352561951
-8.398649216
-8.415931702
-8.422971725
-8.436733246
-8.439933777
-8.435773849
-8.409851074
-8.352561951
-8.311916351
-8.275112152
-8.227424622
-8.200222015
-8.196060181
-8.213663101
-8.264230728
-8.298475266
-8.304235458
-8.311916351
-8.355442047
-8.379125595
-8.391607285
-8.406009674
-8.416570663
-8.419450760
-8.417531967
-8.390647888
-8.344242096
-8.309677124
-8.274150848
-8.237985611
-8.227745056
-8.233505249
-8.249187469
-8.296234131
-8.320238113
-8.325359344
-8.355762482
-8.401529312
-8.421691895
-8.424251556
-8.424251556
-8.433214188
-8.441215515
-8.438653946
-8.416891098
-8.360563278
-8.312557220
-8.263589859
-8.218463898
-8.201181412
-8.206302643
-8.245668411
-8.283432007
-8.299755096
-8.330478668
-8.374006271
-8.394807816
-8.397687912
-8.395128250
-8.411451340
-8.419450760
-8.423612595
-8.422012329
-8.406969070
-8.359603882
-8.334640503
-8.314796448
-8.272871017
-8.239906311
-8.236705780
-8.244386673
-8.269350052
-8.301034927
-8.340721130
-8.389047623
-8.415611267
-8.419771194
-8.425851822
-8.441534042
-8.445375443
-8.441854477
-8.426813126
-8.381046295
-8.371444702
-8.369205475
-8.349040985
-8.279272079
-8.221023560
-8.207902908
-8.205020905
-8.217823029
-8.239906311
-8.281831741
-8.327598572
-8.351922989
-8.374006271
-8.399608612
-8.415290833
-8.421051025
-8.421691895
-8.421691895
-8.411130905
-8.402488708
-8.398969650
-8.346160889
-8.273191452
-8.251749039
-8.257188797
-8.254629135
-8.238946915
-8.241827011
-8.251749039
-8.278951645
-8.332719803
-8.366004944
-8.397369385
-8.424571991
-8.434814453
-8.416252136
-8.413051605
-8.365043640
-8.354482651
-8.300075531
-8.230625153
-8.222944260
-8.218143463
-8.227424622
-8.254949570
-8.268711090
-8.258468628
-8.274791718
-8.326639175
-8.371444702
-8.381366730
-8.397369385
-8.415290833
-8.436414719
-8.441534042
-8.440254211
-8.442495346
-8.439933777
-8.418491364
-8.359924316
-8.308076859
-8.278631210
-8.247587204
-8.211421967
-8.204381943
-8.207582474
-8.251749039
-8.294954300
-8.323759079
-8.340400696
-8.365043640
-8.398328781
-8.412410736
-8.420412064
-8.422012329
-8.422332764
-8.385847092
-8.324398041
-8.270311356
-8.244707108
-8.240867615
-8.243427277
-8.253349304
-8.258789062
-8.278312683
-8.330478668
-8.367923737
-8.370485306
-8.370485306
-8.399929047
-8.426813126
-8.443775177
-8.440574646
-8.430013657
-8.409210205
-8.390968323
-8.352241516
-8.292713165
-8.253349304
-8.228385925

