31/07/2020 16:33:42
-8.328878403
-8.350002289
-8.364084244
-8.374965668
-8.397369385
-8.410169601
-8.417852402
-8.418811798
-8.409851074
-8.379125595
-8.345201492
-8.298795700
-8.248228073
-8.229986191
-8.237985611
-8.262630463
-8.312557220
-8.328239441
-8.326639175
-8.362163544
-8.408250809
-8.420732498
-8.422651291
-8.421691895
-8.434814453
-8.441215515
-8.439933777
-8.429052353
-8.391607285
-8.350322723
-8.307115555
-8.246627808
-8.206941605
-8.199901581
-8.221984863
-8.264230728
-8.277351379
-8.297834396
-8.335279465
-8.370164871
-8.378166199
-8.377845764
-8.402488708
-8.412090302
-8.417852402
-8.417211533
-8.403129578
-8.374006271
-8.344242096
-8.295274734
-8.257188797
-8.234466553
-8.234785080
-8.255908966
-8.284713745
-8.304555893
-8.335279465
-8.382966995
-8.412731171
-8.416570663
-8.420412064
-8.441215515
-8.443134308
-8.436414719
-8.425533295
-8.380405426
-8.363443375
-8.365043640
-8.357042313
-8.301355362
-8.246627808
-8.215583801
-8.203741074
-8.209821701
-8.230625153
-8.275751114
-8.327278137
-8.347442627
-8.360242844
-8.383926392
-8.405050278
-8.414331436
-8.415611267
-8.417852402
-8.414331436
-8.407930374
-8.409851074
-8.377845764
-8.302635193
-8.280551910
-8.274791718
-8.270311356
-8.245668411
-8.231904984
-8.237985611
-8.250148773
-8.281831741
-8.310636520
-8.342641830
-8.390007019
-8.411451340
-8.417531967
-8.424892426
-8.435773849
-8.442174911
-8.442815781
-8.430652618
-8.391927719
-8.359603882
-8.357683182
-8.327598572
-8.252708435
-8.205661774
-8.197021484
-8.201822281
-8.228704453
-8.248548508
-8.274471283
-8.305515289
-8.339441299
-8.365364075
-8.389368057
-8.410169601
-8.415931702
-8.419450760
-8.412410736
-8.395448685
-8.404088974
-8.333360672
-8.296875000
-8.250467300
-8.233505249
-8.236385345
-8.250787735
-8.277671814
-8.270631790
-8.291112900
-8.307435989
-8.337520599
-8.365043640
-8.388406754
-8.404088974
-8.412731171
-8.421051025
-8.419132233
-8.420091629
-8.372085571
-8.291753769
-8.277671814
-8.256868362
-8.261350632
-8.251749039
-8.235105515
-8.270311356
-8.282793045
-8.321517944
-8.355123520
-8.380725861
-8.401529312
-8.413051605
-8.418491364
-8.422012329
-8.422332764
-8.414970398
-8.391927719
-8.344560623
-8.286314011
-8.237346649
-8.238626480
-8.237346649
-8.246627808
-8.260709763
-8.238626480
-8.297195435
-8.339441299
-8.366964340
-8.326318741
-8.343921661
-8.355762482
-8.374645233
-8.374324799
-8.318958282
-8.306156158
-8.354803085
-8.389688492
-8.363122940
-8.294313431
-8.302314758
-8.384246826
-8.389688492
-8.398328781
-8.415931702
-8.418491364
-8.423292160
-8.417852402
-8.399288177
-8.337841034
-8.243427277
-8.216543198
-8.218463898
-8.216222763
-8.237985611
-8.245668411
-8.280551910
-8.306476593
-8.319597244
-8.371124268
-8.393207550
-8.412410736
-8.421371460
-8.420412064
-8.424892426
-8.425851822
-8.423933029
-8.384246826
-8.349681854
-8.357362747
-8.295274734
-8.317678452
-8.387447357
-8.442174911
-8.447616577
-8.441215515
-8.439294815
-8.425851822
-8.391607285
-8.356082916
-8.308395386
-8.242786407
-8.212062836
-8.209503174
-8.239585876
-8.269990921
-8.295913696
-8.333679199
-8.372406006
-8.377525330
-8.379446030
-8.404409409
-8.418491364
-8.425212860
-8.425533295
-8.422971725
-8.381366730
-8.346801758
-8.318958282
-8.268390656
-8.239906311
-8.239267349
-8.240547180
-8.255908966
-8.263589859
-8.270311356
-8.297195435
-8.338479996
-8.366964340
-8.381366730
-8.408250809
-8.419450760
-8.437374115
-8.436733246
-8.436094284
-8.446016312
-8.449855804
-8.429052353
-8.376245499
-8.352882385
-8.328559875
-8.325677872
-8.331119537
-8.338800430
-8.353202820
-8.367923737
-8.377204895
-8.361524582
-8.319276810
-8.305515289
-8.351602554
-8.400569916
-8.406330109
-8.345842361
-8.332399368
-8.256868362
-8.227745056
-8.201181412
-8.230304718
-8.266149521
-8.322158813
-8.340400696
-8.385847092
-8.417211533
-8.424892426
-8.428092957
-8.426813126
-8.399288177
-8.361204147
-8.280551910
-8.269990921
-8.256549835
-8.245986938
-8.243427277
-8.263589859
-8.284713745
-8.286632538
-8.313196182
-8.364404678
-8.398649216
-8.400249481
-8.404088974
-8.429372787
-8.449855804
-8.455615997
-8.449214935
-8.446655273
-8.439933777
-8.437374115
-8.433853149
-8.407930374
-8.329198837
-8.261030197
-8.245986938
-8.249507904
-8.255908966
-8.259109497
-8.291433334
-8.328878403
-8.343921661
-8.370805740
-8.391286850
-8.416570663
-8.451456070
-8.443454742
-8.446334839
-8.448575974
-8.438333511
-8.394807816
-8.321197510
-8.276391983
-8.250787735
-8.257829666
-8.277351379
-8.295274734
-8.323118210
-8.337200165
-8.369205475
-8.396728516
-8.416252136
-8.437374115
-8.446655273
-8.441854477
-8.444095612
-8.428092957
-8.423292160
-8.413051605
-8.394168854
-8.372406006
-8.348402023
-8.345842361
-8.319276810
-8.241827011
-8.213983536
-8.208541870
-8.232866287
-8.260709763
-8.282793045
-8.322477341
-8.344560623
-8.371765137
-8.394168854
-8.420732498
-8.431613922
-8.427452087
-8.407930374
-8.349040985
-8.279272079
-8.267431259
-8.257829666
-8.224864960
-8.217184067
-8.255908966
-8.287273407
-8.320558548
-8.330160141
-8.353841782
-8.354162216
-8.379446030
-8.401529312
-8.414331436
-8.429372787
-8.431293488
-8.430334091
-8.387447357
-8.269031525
-8.237026215
-8.245668411
-8.256868362
-8.275751114
-8.254629135
-8.304876328
-8.363763809
-8.374645233
-8.372724533
-8.378805161
-8.403450012
-8.437053680
-8.444416046
-8.447296143
-8.446334839
-8.443775177
-8.438014984
-8.407930374
-8.353841782
-8.306476593
-8.266149521
-8.226465225
-8.205020905
-8.204381943
-8.205982208
-8.224544525
-8.266790390
-8.275432587
-8.289833069
-8.358324051
-8.396087646
-8.381687164
-8.284072876
-8.251749039
-8.262310028
-8.298795700
-8.332078934
-8.358324051
-8.394807816
-8.420091629
-8.436414719
-8.445375443
-8.448575974
-8.456256866
-8.447935104
-8.438333511
-8.414331436
-8.415290833
-8.409851074
-8.342000961
-8.265190125
-8.234785080
-8.245347977
-8.250467300
-8.254629135
-8.247587204
-8.270950317
-8.272871017
-8.349361420
-8.358963013
-8.358963013
-8.371124268
-8.403450012
-8.424251556
-8.434494019
-8.441215515
-8.443134308
-8.437053680
-8.389047623
-8.308076859
-8.271591187
-8.258468628
-8.230304718
-8.210462570
-8.231266022
-8.253667831
-8.296234131
-8.342960358
-8.356082916
-8.363763809
-8.386167526
-8.412731171
-8.427452087
-8.446334839
-8.446975708
-8.443134308
-8.431293488
-8.400888443
-8.349681854
-8.324718475
-8.305194855
-8.239267349
-8.211103439
-8.197340012
-8.202140808
-8.215904236
-8.239267349
-8.276391983
-8.297513962
-8.354482651
-8.378166199
-8.380086899
-8.382326126
-8.379125595
-8.400888443
-8.407289505
-8.411130905
-8.418491364
-8.427452087
-8.429052353
-8.427772522
-8.425533295
-8.425533295
-8.423612595
-8.423933029
-8.396087646
-8.329198837
-8.289194107
-8.281192780
-8.252388000
-8.236385345
-8.228704453
-8.257509232
-8.300395966
-8.354803085
-8.388088226
-8.410810471
-8.426492691
-8.437694550
-8.443775177
-8.431293488
-8.391286850
-8.352882385
-8.297195435
-8.240547180
-8.213022232
-8.210142136
-8.213983536
-8.243427277
-8.281513214
-8.318317413
-8.358003616
-8.375286102
-8.421691895
-8.415611267
-8.421371460
-8.429052353
-8.434494019
-8.392248154
-8.366323471
-8.314477921
-8.272871017
-8.242147446
-8.217184067
-8.220703125
-8.233184814
-8.286314011
-8.296875000
-8.302314758
-8.387767792
-8.406009674
-8.424892426
-8.428092957
-8.424892426
-8.413690567
-8.416570663
-8.391927719
-8.354162216
-8.299434662
-8.286952972
-8.227424622
-8.221664429
-8.211742401
-8.236385345
-8.265830994
-8.315437317
-8.342000961
-8.365364075
-8.429693222
-8.447935104
-8.443775177
-8.434814453
-8.401208878
-8.364723206
-8.300714493
-8.239267349
-8.210783005
-8.214622498
-8.252067566
-8.291112900
-8.319597244
-8.356723785
-8.364084244
-8.421051025
-8.421691895
-8.419771194
-8.420412064
-8.417852402
-8.414011002
-8.370485306
-8.296234131
-8.276071548
-8.260389328
-8.243427277
-8.243106842
-8.233505249
-8.283752441

