31/07/2020 16:33:51
-8.436094284
-8.420091629
-8.422332764
-8.421051025
-8.393527985
-8.327598572
-8.284713745
-8.275432587
-8.251749039
-8.239585876
-8.234146118
-8.249828339
-8.289194107
-8.349361420
-8.351282120
-8.390327454
-8.411451340
-8.427133560
-8.427133560
-8.423933029
-8.418491364
-8.411130905
-8.418491364
-8.406969070
-8.345842361
-8.325038910
-8.293033600
-8.252708435
-8.238626480
-8.244707108
-8.278312683
-8.333679199
-8.341680527
-8.283752441
-8.320558548
-8.372085571
-8.380725861
-8.391607285
-8.394487381
-8.398328781
-8.397687912
-8.399929047
-8.398649216
-8.398649216
-8.417531967
-8.419771194
-8.414011002
-8.379125595
-8.334959030
-8.332719803
-8.303276062
-8.267110825
-8.236705780
-8.233505249
-8.252708435
-8.298154831
-8.314477921
-8.327278137
-8.366643906
-8.418491364
-8.420732498
-8.421371460
-8.426172256
-8.427133560
-8.383287430
-8.355123520
-8.281513214
-8.294954300
-8.383287430
-8.389688492
-8.397687912
-8.411769867
-8.428413391
-8.437694550
-8.440895081
-8.437374115
-8.425533295
-8.401529312
-8.376565933
-8.330478668
-8.255908966
-8.217184067
-8.217184067
-8.213342667
-8.245668411
-8.249187469
-8.270631790
-8.303596497
-8.331439972
-8.383287430
-8.413370132
-8.433214188
-8.439933777
-8.434173584
-8.421051025
-8.373685837
-8.350961685
-8.333999634
-8.283752441
-8.216222763
-8.212062836
-8.200860977
-8.213663101
-8.235105515
-8.324718475
-8.363763809
-8.369844437
-8.325038910
-8.299755096
-8.312877655
-8.344242096
-8.367284775
-8.362483978
-8.325998306
-8.294313431
-8.311277390
-8.359603882
-8.393207550
-8.367605209
-8.345521927
-8.329198837
-8.272550583
-8.235425949
-8.223264694
-8.222303391
-8.202781677
-8.232225418
-8.252708435
-8.268070221
-8.282472610
-8.316717148
-8.353841782
-8.376565933
-8.397048950
-8.404409409
-8.412731171
-8.407930374
-8.390968323
-8.401529312
-8.342641830
-8.286632538
-8.219423294
-8.213342667
-8.214303970
-8.327919006
-8.325038910
-8.310956955
-8.317678452
-8.345842361
-8.368564606
-8.350002289
-8.320877075
-8.309036255
-8.306795120
-8.324718475
-8.357683182
-8.370485306
-8.320238113
-8.295274734
-8.321197510
-8.360242844
-8.374324799
-8.324398041
-8.285032272
-8.315116882
-8.386806488
-8.394487381
-8.408889771
-8.413051605
-8.389368057
-8.381687164
-8.365684509
-8.362163544
-8.348081589
-8.295595169
-8.259429932
-8.245027542
-8.232866287
-8.231586456
-8.246627808
-8.268711090
-8.293674469
-8.301355362
-8.303915024
-8.337520599
-8.394807816
-8.400569916
-8.396408081
-8.406650543
-8.420732498
-8.441215515
-8.421691895
-8.417211533
-8.410169601
-8.389368057
-8.367605209
-8.321838379
-8.282472610
-8.247907639
-8.233825684
-8.240547180
-8.234785080
-8.241186142
-8.242147446
-8.288553238
-8.337200165
-8.357683182
-8.387767792
-8.418491364
-8.434814453
-8.435132980
-8.432893753
-8.409210205
-8.380086899
-8.365043640
-8.315116882
-8.266469955
-8.259750366
-8.247587204
-8.218143463
-8.191259384
-8.193820953
-8.203102112
-8.244068146
-8.267431259
-8.331439972
-8.338159561
-8.370805740
-8.383287430
-8.358963013
-8.391286850
-8.426492691
-8.434814453
-8.433853149
-8.432893753
-8.428733826
-8.421691895
-8.388727188
-8.350002289
-8.293674469
-8.244068146
-8.245668411
-8.231586456
-8.224864960
-8.242467880
-8.270631790
-8.328239441
-8.348081589
-8.396408081
-8.407289505
-8.416252136
-8.358003616
-8.290153503
-8.243427277
-8.235105515
-8.241827011
-8.243106842
-8.231586456
-8.223585129
-8.261030197
-8.279592514
-8.324077606
-8.334640503
-8.358963013
-8.375606537
-8.357042313
-8.309036255
-8.310316086
-8.340400696
-8.373365402
-8.382326126
-8.311595917
-8.289514542
-8.346801758
-8.410810471
-8.420732498
-8.419132233
-8.387447357
-8.383926392
-8.349361420
-8.287273407
-8.240867615
-8.225185394
-8.240226746
-8.269350052
-8.313516617
-8.345842361
-8.357683182
-8.382966995
-8.400249481
-8.397687912
-8.402488708
-8.417852402
-8.433214188
-8.432893753
-8.383605957
-8.330478668
-8.324077606
-8.286952972
-8.222623825
-8.199581146
-8.233184814
-8.237667084
-8.249828339
-8.267749786
-8.280231476
-8.298795700
-8.336240768
-8.384567261
-8.405689240
-8.424571991
-8.440254211
-8.448575974
-8.442495346
-8.438333511
-8.428413391
-8.406330109
-8.339441299
-8.264549255
-8.221023560
-8.215904236
-8.221023560
-8.212703705
-8.215904236
-8.263269424
-8.304876328
-8.368885040
-8.409210205
-8.419771194
-8.429693222
-8.440895081
-8.440254211
-8.413690567
-8.381366730
-8.369524002
-8.344242096
-8.281513214
-8.226465225
-8.208862305
-8.213983536
-8.231266022
-8.250148773
-8.219423294
-8.271270752
-8.323438644
-8.377845764
-8.398649216
-8.408889771
-8.424571991
-8.446655273
-8.448255539
-8.442815781
-8.431293488
-8.407609940
-8.401208878
-8.362483978
-8.297195435
-8.257188797
-8.234785080
-8.217823029
-8.204381943
-8.210462570
-8.229345322
-8.282152176
-8.313837051
-8.317358017
-8.331439972
-8.389047623
-8.389368057
-8.408889771
-8.415611267
-8.448575974
-8.448255539
-8.449855804
-8.446975708
-8.437053680
-8.411130905
-8.373685837
-8.309036255
-8.242786407
-8.218143463
-8.212703705
-8.216863632
-8.227745056
-8.238306046
-8.263589859
-8.321517944
-8.325359344
-8.375606537
-8.385206223
-8.399929047
-8.418491364
-8.423933029
-8.428733826
-8.427133560
-8.418170929
-8.396408081
-8.370805740
-8.318637848
-8.281513214
-8.252708435
-8.253988266
-8.267749786
-8.276712418
-8.286952972
-8.336559296
-8.383605957
-8.422332764
-8.428733826
-8.451776505
-8.452735901
-8.452735901
-8.440254211
-8.393527985
-8.312236786
-8.265190125
-8.229665756
-8.216863632
-8.245347977
-8.303915024
-8.334320068
-8.354162216
-8.391607285
-8.435773849
-8.429693222
-8.443454742
-8.445375443
-8.433534622
-8.433214188
-8.428733826
-8.387447357
-8.295595169
-8.251428604
-8.238306046
-8.225824356
-8.249187469
-8.314157486
-8.315116882
-8.393848419
-8.429052353
-8.445695877
-8.447935104
-8.443454742
-8.411130905
-8.339120865
-8.301355362
-8.277671814
-8.244707108
-8.220703125
-8.211421967
-8.264869690
-8.292074203
-8.313837051
-8.337841034
-8.306476593
-8.335279465
-8.399288177
-8.427133560
-8.429052353
-8.424892426
-8.394168854
-8.308395386
-8.254949570
-8.254308701
-8.252067566
-8.280231476
-8.313837051
-8.344560623
-8.392887115
-8.407609940
-8.423933029
-8.427133560
-8.412410736
-8.415611267
-8.340400696
-8.272232056
-8.229024887
-8.210783005
-8.235105515
-8.261669159
-8.333999634
-8.337841034
-8.398008347
-8.396408081
-8.406330109
-8.434494019
-8.432573318
-8.420732498
-8.374006271
-8.290473938
-8.228385925
-8.216222763
-8.209503174
-8.213983536
-8.224224091
-8.234146118
-8.234146118
-8.231904984
-8.275751114
-8.304235458
-8.308715820
-8.352561951
-8.376245499
-8.392887115
-8.402170181
-8.404088974
-8.421051025
-8.436733246
-8.431293488
-8.425851822
-8.392568588
-8.371765137
-8.333999634
-8.283432007
-8.275751114
-8.261669159
-8.321517944
-8.332078934
-8.367923737
-8.376886368
-8.390968323
-8.431613922
-8.433214188
-8.443134308
-8.439933777
-8.416891098
-8.366964340
-8.301034927
-8.237346649
-8.205020905
-8.237985611
-8.261350632
-8.291433334
-8.318958282
-8.401208878
-8.425212860
-8.443454742
-8.444095612
-8.437694550
-8.442174911
-8.392248154
-8.323438644
-8.286952972
-8.232545853
-8.258789062
-8.277030945
-8.280872345
-8.334640503
-8.374006271
-8.401208878
-8.418170929
-8.419450760
-8.428733826
-8.426172256
-8.428092957
-8.423292160
-8.402170181
-8.388727188
-8.386806488
-8.327919006
-8.271270752
-8.230304718
-8.200860977
-8.197660446
-8.198940277
-8.225185394
-8.256229401
-8.271270752
-8.307435989
-8.336559296
-8.360563278
-8.378486633
-8.386806488
-8.428413391
-8.426172256
-8.420091629
-8.396408081
-8.351922989
-8.351922989
-8.326639175
-8.266149521
-8.244386673
-8.207902908
-8.225503922
-8.333360672
-8.381366730
-8.414011002
-8.435773849
-8.440895081
-8.444734573
-8.436733246
-8.438333511
-8.428092957
-8.419132233
-8.398969650
-8.358963013
-8.291112900
-8.239585876
-8.206621170
-8.237346649

