31/07/2020 16:33:33
-8.294313431
-8.342321396
-8.368244171
-8.400249481
-8.430013657
-8.437694550
-8.439933777
-8.441534042
-8.446655273
-8.449214935
-8.446655273
-8.424251556
-8.363122940
-8.321838379
-8.304876328
-8.255588531
-8.210462570
-8.199260712
-8.198621750
-8.205020905
-8.221664429
-8.233505249
-8.253988266
-8.290473938
-8.317996979
-8.339441299
-8.362163544
-8.398328781
-8.412731171
-8.415611267
-8.422012329
-8.425533295
-8.427133560
-8.424571991
-8.395448685
-8.305835724
-8.277992249
-8.276391983
-8.257188797
-8.247907639
-8.264549255
-8.285352707
-8.322797775
-8.366004944
-8.366964340
-8.382646561
-8.408569336
-8.422012329
-8.433853149
-8.440254211
-8.446016312
-8.450176239
-8.444734573
-8.389047623
-8.338800430
-8.318637848
-8.307435989
-8.263589859
-8.245027542
-8.257188797
-8.243427277
-8.311595917
-8.318317413
-8.326318741
-8.335599899
-8.352561951
-8.399929047
-8.411451340
-8.425212860
-8.428733826
-8.431613922
-8.426172256
-8.383605957
-8.350641251
-8.342641830
-8.275751114
-8.250467300
-8.235746384
-8.227424622
-8.212062836
-8.245027542
-8.266149521
-8.272232056
-8.285352707
-8.338159561
-8.345842361
-8.364404678
-8.388406754
-8.406330109
-8.422971725
-8.427772522
-8.426492691
-8.411769867
-8.381366730
-8.330799103
-8.273191452
-8.248228073
-8.246307373
-8.261989594
-8.301996231
-8.311916351
-8.312236786
-8.347761154
-8.401849747
-8.416891098
-8.418170929
-8.421691895
-8.441534042
-8.452096939
-8.452415466
-8.449214935
-8.444734573
-8.429052353
-8.403450012
-8.360242844
-8.312557220
-8.270950317
-8.243427277
-8.243106842
-8.235425949
-8.249187469
-8.278951645
-8.326639175
-8.350002289
-8.342960358
-8.369844437
-8.420732498
-8.432893753
-8.437053680
-8.434173584
-8.444734573
-8.451776505
-8.449214935
-8.431934357
-8.398649216
-8.389047623
-8.375925064
-8.338159561
-8.280872345
-8.231266022
-8.220064163
-8.233505249
-8.233825684
-8.240226746
-8.281513214
-8.319917679
-8.334959030
-8.367605209
-8.397369385
-8.416252136
-8.422651291
-8.426813126
-8.422332764
-8.431613922
-8.399608612
-8.351922989
-8.285032272
-8.237346649
-8.246948242
-8.261350632
-8.272550583
-8.279592514
-8.289194107
-8.332078934
-8.335599899
-8.392887115
-8.400888443
-8.424571991
-8.443134308
-8.449855804
-8.450815201
-8.444095612
-8.445055008
-8.443775177
-8.442495346
-8.426813126
-8.387126923
-8.350961685
-8.317358017
-8.307435989
-8.222944260
-8.213663101
-8.247268677
-8.283113480
-8.299755096
-8.301034927
-8.330799103
-8.370164871
-8.404409409
-8.408569336
-8.424892426
-8.431934357
-8.430334091
-8.424251556
-8.361204147
-8.264230728
-8.242467880
-8.221984863
-8.217184067
-8.225503922
-8.249507904
-8.280551910
-8.299114227
-8.374324799
-8.414970398
-8.449535370
-8.436414719
-8.452415466
-8.446975708
-8.436414719
-8.430334091
-8.392248154
-8.345842361
-8.246307373
-8.245668411
-8.224544525
-8.222303391
-8.243106842
-8.292713165
-8.350322723
-8.410810471
-8.423292160
-8.431934357
-8.441854477
-8.454656601
-8.446975708
-8.446655273
-8.441854477
-8.423292160
-8.361204147
-8.282152176
-8.235425949
-8.220384598
-8.218784332
-8.237346649
-8.245668411
-8.271911621
-8.313837051
-8.355762482
-8.384246826
-8.407930374
-8.421691895
-8.432252884
-8.432252884
-8.431934357
-8.429372787
-8.432252884
-8.400569916
-8.327598572
-8.250467300
-8.240867615
-8.218463898
-8.275751114
-8.278631210
-8.303596497
-8.322797775
-8.375286102
-8.388727188
-8.398969650
-8.425212860
-8.424251556
-8.428092957
-8.441534042
-8.426492691
-8.333040237
-8.243106842
-8.219102859
-8.207902908
-8.209503174
-8.216863632
-8.243747711
-8.277030945
-8.302314758
-8.326959610
-8.362804413
-8.441854477
-8.435132980
-8.441854477
-8.431293488
-8.414970398
-8.406009674
-8.395448685
-8.323438644
-8.325359344
-8.225185394
-8.209821701
-8.244386673
-8.259750366
-8.300395966
-8.342960358
-8.375925064
-8.400569916
-8.414970398
-8.421371460
-8.423292160
-8.413370132
-8.363122940
-8.328559875
-8.334959030
-8.261350632
-8.224224091
-8.203741074
-8.235105515
-8.241506577
-8.301996231
-8.309677124
-8.344881058
-8.368885040
-8.422971725
-8.435773849
-8.434173584
-8.418811798
-8.391286850
-8.367923737
-8.332078934
-8.276071548
-8.253028870
-8.250467300
-8.245986938
-8.243747711
-8.229024887
-8.273191452
-8.316717148
-8.351282120
-8.346481323
-8.360242844
-8.420732498
-8.445055008
-8.422971725
-8.422971725
-8.419132233
-8.422332764
-8.379125595
-8.325998306
-8.257829666
-8.255908966
-8.259429932
-8.253349304
-8.253028870
-8.258468628
-8.262630463
-8.282472610
-8.325677872
-8.353202820
-8.380405426
-8.422012329
-8.432573318
-8.443454742
-8.442815781
-8.438974380
-8.419450760
-8.383287430
-8.314477921
-8.292074203
-8.284072876
-8.262948990
-8.236385345
-8.216222763
-8.217184067
-8.254949570
-8.362804413
-8.398328781
-8.409851074
-8.436414719
-8.454336166
-8.439615250
-8.427133560
-8.398328781
-8.355123520
-8.341360092
-8.265190125
-8.224864960
-8.209503174
-8.206302643
-8.212703705
-8.206941605
-8.202781677
-8.195739746
-8.202461243
-8.213022232
-8.293033600
-8.304235458
-8.317358017
-8.376886368
-8.400888443
-8.409210205
-8.421371460
-8.428413391
-8.424892426
-8.411769867
-8.348722458
-8.300395966
-8.301996231
-8.265830994
-8.216222763
-8.258150101
-8.340721130
-8.351922989
-8.375925064
-8.360883713
-8.420091629
-8.426492691
-8.417211533
-8.385847092
-8.367284775
-8.351282120
-8.315757751
-8.265830994
-8.235425949
-8.230625153
-8.214622498
-8.256868362
-8.275432587
-8.290153503
-8.305515289
-8.389047623
-8.390327454
-8.435132980
-8.444416046
-8.442174911
-8.437694550
-8.435132980
-8.421051025
-8.385847092
-8.307435989
-8.235425949
-8.206302643
-8.205020905
-8.221984863
-8.229024887
-8.254949570
-8.278312683
-8.275432587
-8.341360092
-8.405368805
-8.401529312
-8.438653946
-8.437694550
-8.447296143
-8.449855804
-8.449535370
-8.442495346
-8.393848419
-8.325038910
-8.250148773
-8.241827011
-8.249828339
-8.247587204
-8.279272079
-8.280551910
-8.291112900
-8.332719803
-8.372724533
-8.396408081
-8.412410736
-8.443454742
-8.432573318
-8.439933777
-8.442815781
-8.430652618
-8.388088226
-8.336559296
-8.297834396
-8.293994904
-8.297195435
-8.289833069
-8.335920334
-8.351602554
-8.378166199
-8.394168854
-8.402170181
-8.416570663
-8.423612595
-8.427452087
-8.426813126
-8.418170929
-8.404729843
-8.405050278
-8.371444702
-8.291433334
-8.267431259
-8.274150848
-8.264549255
-8.244068146
-8.243106842
-8.245347977
-8.257188797
-8.299755096
-8.343921661
-8.364084244
-8.393207550
-8.421371460
-8.433853149
-8.432893753
-8.443454742
-8.443775177
-8.440895081
-8.428413391
-8.385206223
-8.337520599
-8.323438644
-8.292713165
-8.234466553
-8.203422546
-8.216543198
-8.253349304
-8.298795700
-8.319276810
-8.334640503
-8.361524582
-8.398969650
-8.408889771
-8.416252136
-8.421051025
-8.425212860
-8.422971725
-8.400249481
-8.344881058
-8.313837051
-8.280231476
-8.247268677
-8.238946915
-8.233505249
-8.243427277
-8.272871017
-8.325998306
-8.339120865
-8.339759827
-8.374965668
-8.420091629
-8.427772522
-8.434494019
-8.435453415
-8.441534042
-8.445375443
-8.436094284
-8.403770447
-8.359924316
-8.313196182
-8.247907639
-8.208862305
-8.200222015
-8.204061508
-8.229024887
-8.264230728
-8.266149521
-8.299114227
-8.349040985
-8.374006271
-8.375925064
-8.386167526
-8.413690567
-8.420091629
-8.424892426
-8.425212860
-8.421691895
-8.402488708
-8.365684509
-8.304555893
-8.261989594
-8.241506577
-8.247268677
-8.271591187
-8.283432007
-8.301034927
-8.345521927
-8.395128250
-8.414970398
-8.409210205
-8.414970398
-8.440574646
-8.448255539
-8.433853149
-8.445695877
-8.431293488
-8.408250809
-8.396728516
-8.373365402
-8.306795120
-8.251749039
-8.227745056
-8.209182739
-8.204381943
-8.217504501
-8.256549835
-8.299755096
-8.312557220
-8.329198837
-8.373685837
-8.394807816
-8.404409409
-8.414011002
-8.425212860
-8.424251556
-8.429052353
-8.421691895
-8.384567261
-8.317996979
-8.292394638
-8.278631210

