31/07/2020 16:34:01
-8.429693222
-8.449535370
-8.453697205
-8.448896408
-8.446334839
-8.440254211
-8.401529312
-8.319917679
-8.243106842
-8.218143463
-8.210142136
-8.215263367
-8.217184067
-8.256868362
-8.272871017
-8.285032272
-8.316396713
-8.382326126
-8.389688492
-8.393207550
-8.407289505
-8.450176239
-8.446975708
-8.444734573
-8.437374115
-8.415290833
-8.338479996
-8.260389328
-8.227745056
-8.245668411
-8.299755096
-8.347122192
-8.388088226
-8.390968323
-8.410169601
-8.419771194
-8.416570663
-8.403770447
-8.303915024
-8.219743729
-8.216222763
-8.201501846
-8.213022232
-8.223585129
-8.245027542
-8.299434662
-8.337200165
-8.366323471
-8.385206223
-8.388727188
-8.398328781
-8.438653946
-8.436414719
-8.418491364
-8.371765137
-8.374965668
-8.363443375
-8.308395386
-8.267431259
-8.244707108
-8.270631790
-8.316078186
-8.342321396
-8.328878403
-8.388406754
-8.399929047
-8.407289505
-8.436733246
-8.448255539
-8.429372787
-8.429052353
-8.383926392
-8.335920334
-8.296875000
-8.219102859
-8.215904236
-8.206302643
-8.199581146
-8.210142136
-8.234146118
-8.260709763
-8.255588531
-8.266790390
-8.317037582
-8.356723785
-8.353523254
-8.420412064
-8.450815201
-8.443775177
-8.426813126
-8.410490036
-8.379766464
-8.338479996
-8.304235458
-8.253667831
-8.283432007
-8.269990921
-8.295595169
-8.348081589
-8.358642578
-8.364723206
-8.383287430
-8.401208878
-8.415931702
-8.433214188
-8.430334091
-8.426813126
-8.422971725
-8.409530640
-8.344881058
-8.281831741
-8.251108170
-8.241186142
-8.267431259
-8.307756424
-8.348402023
-8.389047623
-8.414011002
-8.437053680
-8.451776505
-8.450176239
-8.453376770
-8.446655273
-8.413051605
-8.336559296
-8.309356689
-8.295274734
-8.247587204
-8.206941605
-8.198301315
-8.199260712
-8.221664429
-8.324718475
-8.330160141
-8.335920334
-8.378486633
-8.381366730
-8.393527985
-8.407609940
-8.419132233
-8.422332764
-8.423933029
-8.394807816
-8.299755096
-8.213342667
-8.216543198
-8.210142136
-8.202461243
-8.207902908
-8.252388000
-8.282472610
-8.297834396
-8.331119537
-8.368885040
-8.422012329
-8.439615250
-8.441534042
-8.431934357
-8.442174911
-8.452415466
-8.443775177
-8.372724533
-8.268711090
-8.233825684
-8.217504501
-8.313516617
-8.391927719
-8.403450012
-8.429372787
-8.436094284
-8.434173584
-8.434494019
-8.438014984
-8.442495346
-8.425533295
-8.381366730
-8.374965668
-8.361843109
-8.325998306
-8.269670486
-8.230304718
-8.249187469
-8.272232056
-8.320877075
-8.369844437
-8.385847092
-8.414331436
-8.437694550
-8.440895081
-8.447935104
-8.435773849
-8.402488708
-8.356723785
-8.292394638
-8.237667084
-8.222623825
-8.226785660
-8.222944260
-8.231266022
-8.252708435
-8.260389328
-8.301355362
-8.339120865
-8.344560623
-8.406330109
-8.420412064
-8.420412064
-8.387447357
-8.279912949
-8.199901581
-8.204061508
-8.207262039
-8.213342667
-8.220384598
-8.275112152
-8.343280792
-8.396087646
-8.425533295
-8.432573318
-8.445695877
-8.415611267
-8.384246826
-8.312877655
-8.251108170
-8.223903656
-8.215583801
-8.218463898
-8.237346649
-8.290153503
-8.386167526
-8.381046295
-8.380086899
-8.394168854
-8.429052353
-8.441854477
-8.410169601
-8.388727188
-8.307435989
-8.310636520
-8.279592514
-8.239585876
-8.247587204
-8.253349304
-8.294313431
-8.333999634
-8.364084244
-8.393207550
-8.433214188
-8.440254211
-8.443134308
-8.442815781
-8.447616577
-8.446334839
-8.433534622
-8.380405426
-8.307435989
-8.281192780
-8.350961685
-8.391607285
-8.397687912
-8.412090302
-8.423292160
-8.426813126
-8.430334091
-8.431934357
-8.427133560
-8.427772522
-8.411130905
-8.349681854
-8.302955627
-8.268390656
-8.248548508
-8.236705780
-8.241827011
-8.251749039
-8.282793045
-8.341680527
-8.384567261
-8.409851074
-8.418170929
-8.425212860
-8.429372787
-8.426172256
-8.420412064
-8.404409409
-8.401849747
-8.398328781
-8.337200165
-8.274471283
-8.259750366
-8.250467300
-8.244707108
-8.248548508
-8.268711090
-8.306795120
-8.346801758
-8.374645233
-8.399288177
-8.423292160
-8.439933777
-8.440574646
-8.435773849
-8.439294815
-8.438014984
-8.423612595
-8.370485306
-8.329839706
-8.293674469
-8.286632538
-8.286632538
-8.251108170
-8.237026215
-8.241506577
-8.253988266
-8.295595169
-8.334959030
-8.360242844
-8.394168854
-8.424571991
-8.433853149
-8.437694550
-8.437053680
-8.428733826
-8.406650543
-8.348081589
-8.270950317
-8.249187469
-8.244386673
-8.221023560
-8.204061508
-8.205661774
-8.211742401
-8.253349304
-8.293674469
-8.310636520
-8.337520599
-8.368885040
-8.398969650
-8.411451340
-8.419771194
-8.422012329
-8.422971725
-8.410169601
-8.354803085
-8.308395386
-8.290473938
-8.262630463
-8.243747711
-8.242467880
-8.241827011
-8.264549255
-8.313196182
-8.348081589
-8.363122940
-8.377845764
-8.414011002
-8.435132980
-8.437694550
-8.439294815
-8.439615250
-8.427133560
-8.399608612
-8.343921661
-8.286632538
-8.250787735
-8.221984863
-8.208862305
-8.210142136
-8.228704453
-8.277030945
-8.319597244
-8.330478668
-8.332399368
-8.364084244
-8.394487381
-8.407289505
-8.415611267
-8.420412064
-8.421371460
-8.414970398
-8.383287430
-8.323438644
-8.271911621
-8.249828339
-8.240226746
-8.249828339
-8.268390656
-8.304235458
-8.364084244
-8.392248154
-8.396408081
-8.411451340
-8.437053680
-8.446334839
-8.438333511
-8.436414719
-8.423933029
-8.414011002
-8.404729843
-8.380405426
-8.314157486
-8.258150101
-8.230625153
-8.211742401
-8.213022232
-8.230304718
-8.278312683
-8.322158813
-8.347761154
-8.375286102
-8.401208878
-8.417211533
-8.422651291
-8.423292160
-8.414651871
-8.396087646
-8.406969070
-8.363763809
-8.280872345
-8.268390656
-8.256549835
-8.259750366
-8.249187469
-8.242786407
-8.255588531
-8.272871017
-8.314477921
-8.358642578
-8.388088226
-8.416891098
-8.434494019
-8.438333511
-8.438014984
-8.432893753
-8.419771194
-8.417852402
-8.390968323
-8.314796448
-8.263269424
-8.253028870
-8.232866287
-8.209503174
-8.206621170
-8.208541870
-8.226144791
-8.284072876
-8.309995651
-8.329198837
-8.357683182
-8.387126923
-8.406650543
-8.418811798
-8.423292160
-8.424571991
-8.420412064
-8.387126923
-8.327598572
-8.308395386
-8.288873672
-8.251108170
-8.237667084
-8.224864960
-8.247907639
-8.295595169
-8.342641830
-8.353523254
-8.343921661
-8.352241516
-8.394807816
-8.417531967
-8.426492691
-8.436094284
-8.439615250
-8.436733246
-8.410490036
-8.357683182
-8.312236786
-8.271591187
-8.227104187
-8.203741074
-8.200540543
-8.225503922
-8.269031525
-8.298795700
-8.298475266
-8.312557220
-8.368885040
-8.384567261
-8.390968323
-8.396408081
-8.411130905
-8.422012329
-8.425212860
-8.425533295
-8.416891098
-8.393527985
-8.358642578
-8.291112900
-8.250467300
-8.242147446
-8.239906311
-8.257509232
-8.275751114
-8.278312683
-8.300395966
-8.351282120
-8.387767792
-8.402809143
-8.411769867
-8.433214188
-8.444416046
-8.445055008
-8.438014984
-8.406009674
-8.360242844
-8.311277390
-8.250787735
-8.213983536
-8.204702377
-8.225185394
-8.260709763
-8.289833069
-8.319917679
-8.365043640
-8.389047623
-8.390647888
-8.400569916
-8.420091629
-8.424892426
-8.428413391
-8.424571991
-8.402488708
-8.360242844
-8.337200165
-8.307756424
-8.258468628
-8.236066818
-8.242147446
-8.260068893
-8.297195435
-8.329519272
-8.367923737
-8.409851074
-8.426172256
-8.428092957
-8.434814453
-8.439933777
-8.442495346
-8.441534042
-8.416570663
-8.354162216
-8.333679199
-8.328878403
-8.252388000
-8.210142136
-8.198301315
-8.202140808
-8.229665756
-8.274471283
-8.301355362
-8.345842361
-8.370485306
-8.393207550
-8.411130905
-8.420732498
-8.423612595
-8.425212860
-8.408889771
-8.339759827
-8.302314758
-8.300075531
-8.276071548
-8.239267349
-8.229345322
-8.241827011
-8.273511887
-8.330799103
-8.347442627
-8.350002289
-8.349361420
-8.378486633
-8.412410736
-8.421691895
-8.432252884
-8.440895081
-8.441534042
-8.435453415
-8.401529312
-8.360883713
-8.326639175
-8.265510559
-8.205982208
-8.203102112
-8.202781677
-8.232225418
-8.253988266
-8.266149521
-8.259429932
-8.277030945
-8.335599899

