31/07/2020 16:33:24
-8.334640503
-8.337841034
-8.365043640
-8.377845764
-8.380086899
-8.381046295
-8.399288177
-8.414011002
-8.419771194
-8.415290833
-8.407930374
-8.391607285
-8.369205475
-8.300395966
-8.249187469
-8.233505249
-8.243747711
-8.278951645
-8.304876328
-8.306795120
-8.311595917
-8.346801758
-8.393527985
-8.411451340
-8.425212860
-8.438333511
-8.445375443
-8.430013657
-8.426172256
-8.399288177
-8.379766464
-8.346160889
-8.268070221
-8.247587204
-8.210462570
-8.257188797
-8.274150848
-8.252067566
-8.259429932
-8.300714493
-8.311277390
-8.331119537
-8.347761154
-8.379125595
-8.408250809
-8.427772522
-8.433853149
-8.434173584
-8.418491364
-8.382966995
-8.335920334
-8.257509232
-8.243106842
-8.239585876
-8.208221436
-8.213983536
-8.220384598
-8.220064163
-8.240226746
-8.309356689
-8.319276810
-8.360883713
-8.362163544
-8.430652618
-8.441534042
-8.421051025
-8.416891098
-8.380405426
-8.314796448
-8.273832321
-8.245668411
-8.206621170
-8.217504501
-8.262630463
-8.330160141
-8.356723785
-8.386806488
-8.396087646
-8.423612595
-8.418811798
-8.374965668
-8.358963013
-8.289194107
-8.229345322
-8.201181412
-8.247587204
-8.249187469
-8.311916351
-8.342321396
-8.382966995
-8.396728516
-8.408889771
-8.419450760
-8.423933029
-8.423292160
-8.419771194
-8.419450760
-8.400569916
-8.345201492
-8.293033600
-8.268390656
-8.242786407
-8.245347977
-8.228065491
-8.277992249
-8.348081589
-8.375925064
-8.412731171
-8.422332764
-8.423292160
-8.425212860
-8.423933029
-8.405689240
-8.317678452
-8.254629135
-8.211103439
-8.206621170
-8.200222015
-8.195421219
-8.252388000
-8.278631210
-8.301996231
-8.314477921
-8.346801758
-8.402488708
-8.420091629
-8.430973053
-8.433853149
-8.446334839
-8.441215515
-8.422651291
-8.365043640
-8.307115555
-8.293033600
-8.255908966
-8.269350052
-8.276391983
-8.282472610
-8.300075531
-8.317996979
-8.326318741
-8.367284775
-8.393527985
-8.413051605
-8.425212860
-8.426813126
-8.418491364
-8.401529312
-8.380405426
-8.341360092
-8.279272079
-8.257509232
-8.251428604
-8.248867035
-8.258789062
-8.260709763
-8.261669159
-8.261989594
-8.283113480
-8.295595169
-8.293994904
-8.325998306
-8.378486633
-8.405689240
-8.414651871
-8.423292160
-8.433214188
-8.446655273
-8.443134308
-8.449214935
-8.444095612
-8.447935104
-8.442495346
-8.407609940
-8.328878403
-8.258789062
-8.249507904
-8.242786407
-8.236385345
-8.273511887
-8.318637848
-8.364084244
-8.398649216
-8.393527985
-8.406330109
-8.430013657
-8.436094284
-8.436733246
-8.435773849
-8.438974380
-8.441854477
-8.439933777
-8.417211533
-8.354803085
-8.285993576
-8.272232056
-8.241186142
-8.241506577
-8.241827011
-8.242467880
-8.271270752
-8.308715820
-8.330799103
-8.352241516
-8.382966995
-8.408250809
-8.424251556
-8.435773849
-8.446975708
-8.447296143
-8.434814453
-8.385526657
-8.350961685
-8.336559296
-8.263910294
-8.212703705
-8.207262039
-8.205982208
-8.245027542
-8.295274734
-8.314157486
-8.328239441
-8.351602554
-8.395448685
-8.404729843
-8.415290833
-8.422971725
-8.425851822
-8.420091629
-8.382326126
-8.326639175
-8.293354034
-8.263589859
-8.245986938
-8.243106842
-8.237346649
-8.261350632
-8.306795120
-8.335279465
-8.324718475
-8.381046295
-8.412090302
-8.437374115
-8.445695877
-8.446016312
-8.443134308
-8.446655273
-8.441215515
-8.416252136
-8.359603882
-8.303596497
-8.250148773
-8.217504501
-8.214622498
-8.244386673
-8.295595169
-8.333040237
-8.343601227
-8.354803085
-8.391607285
-8.411130905
-8.419771194
-8.419450760
-8.422332764
-8.427452087
-8.430652618
-8.433853149
-8.428733826
-8.408569336
-8.371765137
-8.336559296
-8.289194107
-8.257188797
-8.243427277
-8.258150101
-8.292074203
-8.315757751
-8.347442627
-8.390007019
-8.422971725
-8.438014984
-8.436733246
-8.442495346
-8.446655273
-8.448255539
-8.444416046
-8.409851074
-8.347122192
-8.323438644
-8.321197510
-8.286632538
-8.231266022
-8.211742401
-8.211103439
-8.227745056
-8.260389328
-8.286314011
-8.327919006
-8.371765137
-8.387126923
-8.403770447
-8.423612595
-8.431613922
-8.433534622
-8.430652618
-8.429052353
-8.418491364
-8.407609940
-8.390007019
-8.315757751
-8.273191452
-8.256549835
-8.248228073
-8.253028870
-8.269990921
-8.296875000
-8.339759827
-8.387126923
-8.412090302
-8.423933029
-8.438653946
-8.451776505
-8.451456070
-8.441534042
-8.403770447
-8.377845764
-8.378166199
-8.354482651
-8.282793045
-8.231586456
-8.216543198
-8.220703125
-8.241827011
-8.265190125
-8.289514542
-8.324718475
-8.371765137
-8.390327454
-8.409851074
-8.426813126
-8.432893753
-8.433534622
-8.423612595
-8.389047623
-8.371124268
-8.339759827
-8.283752441
-8.250467300
-8.244386673
-8.248867035
-8.255268097
-8.282472610
-8.287914276
-8.280231476
-8.309677124
-8.359924316
-8.384246826
-8.400249481
-8.419771194
-8.440254211
-8.447296143
-8.447616577
-8.446655273
-8.430013657
-8.389368057
-8.309677124
-8.258468628
-8.242147446
-8.229024887
-8.224224091
-8.234146118
-8.235746384
-8.269990921
-8.330799103
-8.357042313
-8.359603882
-8.358963013
-8.390968323
-8.412090302
-8.421371460
-8.428733826
-8.432893753
-8.433214188
-8.422012329
-8.382005692
-8.342000961
-8.302635193
-8.261030197
-8.251749039
-8.252067566
-8.267110825
-8.306795120
-8.366004944
-8.379446030
-8.383605957
-8.411451340
-8.447935104
-8.440254211
-8.450176239
-8.442174911
-8.410169601
-8.397369385
-8.390968323
-8.360563278
-8.301675797
-8.256549835
-8.225824356
-8.212703705
-8.220384598
-8.252388000
-8.301355362
-8.340400696
-8.348402023
-8.377204895
-8.411451340
-8.422971725
-8.424251556
-8.421371460
-8.427452087
-8.430334091
-8.435773849
-8.435132980
-8.423933029
-8.381046295
-8.363763809
-8.352882385
-8.325998306
-8.280231476
-8.254949570
-8.248548508
-8.252388000
-8.270631790
-8.299114227
-8.344560623
-8.392248154
-8.404729843
-8.414331436
-8.439294815
-8.447616577
-8.454977036
-8.451135635
-8.437694550
-8.400888443
-8.390968323
-8.390327454
-8.352241516
-8.290473938
-8.253349304
-8.230945587
-8.217184067
-8.221984863
-8.243747711
-8.293994904
-8.327919006
-8.352561951
-8.381366730
-8.405689240
-8.421691895
-8.426172256
-8.427452087
-8.425212860
-8.417852402
-8.420091629
-8.409210205
-8.352241516
-8.304555893
-8.286952972
-8.272232056
-8.249187469
-8.243427277
-8.257829666
-8.284393311
-8.327919006
-8.358642578
-8.381046295
-8.414331436
-8.434814453
-8.439294815
-8.441215515
-8.445375443
-8.441534042
-8.442174911
-8.425533295
-8.367605209
-8.312236786
-8.298475266
-8.272550583
-8.226144791
-8.204061508
-8.213983536
-8.245347977
-8.298154831
-8.318637848
-8.347761154
-8.382005692
-8.400569916
-8.412090302
-8.421051025
-8.425851822
-8.427772522
-8.422971725
-8.378486633
-8.321197510
-8.296875000
-8.276071548
-8.245027542
-8.245986938
-8.239585876
-8.245986938
-8.283432007
-8.331439972
-8.356082916
-8.375606537
-8.403129578
-8.433214188
-8.439933777
-8.441215515
-8.440895081
-8.425851822
-8.377845764
-8.301034927
-8.264230728
-8.247587204
-8.228385925
-8.210462570
-8.204702377
-8.207582474
-8.241827011
-8.290153503
-8.318317413
-8.319597244
-8.347442627
-8.391927719
-8.402170181
-8.404409409
-8.405368805
-8.411451340
-8.420091629
-8.423292160
-8.420732498
-8.399929047
-8.362163544
-8.307115555
-8.255908966
-8.237985611
-8.237985611
-8.240547180
-8.268070221
-8.269670486
-8.285993576
-8.329198837
-8.393848419
-8.383605957
-8.419132233
-8.425533295
-8.444734573
-8.443775177
-8.443134308
-8.411451340
-8.384567261
-8.350961685
-8.306795120
-8.269990921
-8.242147446
-8.236705780
-8.245668411
-8.264230728
-8.274471283
-8.300075531
-8.335599899
-8.374645233
-8.410169601
-8.421691895
-8.434173584
-8.443454742
-8.446334839
-8.439933777
-8.423292160
-8.390007019
-8.359603882
-8.321517944
-8.254629135
-8.210783005
-8.205982208
-8.213342667
-8.214622498
-8.241506577
-8.275751114
-8.331119537
-8.351282120
-8.369205475
-8.400249481
-8.408250809
-8.421051025
-8.438653946
-8.435773849
-8.406969070
-8.372085571
-8.350002289
-8.305515289

