31/07/2020 16:34:24
-8.380086899
-8.370485306
-8.319597244
-8.290153503
-8.330478668
-8.393527985
-8.426492691
-8.423292160
-8.399608612
-8.381366730
-8.364404678
-8.280872345
-8.256868362
-8.246307373
-8.235425949
-8.236385345
-8.238626480
-8.241506577
-8.265830994
-8.314477921
-8.344881058
-8.359603882
-8.378166199
-8.415611267
-8.436094284
-8.437374115
-8.437053680
-8.439933777
-8.431613922
-8.406650543
-8.341360092
-8.265190125
-8.229665756
-8.214942932
-8.224544525
-8.324077606
-8.351602554
-8.383926392
-8.413690567
-8.421691895
-8.424251556
-8.407289505
-8.348402023
-8.336559296
-8.279912949
-8.261350632
-8.245347977
-8.257509232
-8.308715820
-8.347442627
-8.363443375
-8.405689240
-8.414011002
-8.411451340
-8.438014984
-8.430334091
-8.429693222
-8.423933029
-8.413690567
-8.385847092
-8.333679199
-8.279272079
-8.253667831
-8.245668411
-8.250148773
-8.278951645
-8.338479996
-8.336879730
-8.366323471
-8.414331436
-8.449535370
-8.453697205
-8.453697205
-8.444734573
-8.406969070
-8.403129578
-8.367605209
-8.348081589
-8.314477921
-8.264869690
-8.260389328
-8.267431259
-8.277671814
-8.302635193
-8.334959030
-8.378486633
-8.421691895
-8.442495346
-8.458177567
-8.439933777
-8.438653946
-8.411130905
-8.407930374
-8.380405426
-8.341041565
-8.283752441
-8.208221436
-8.244707108
-8.270950317
-8.321838379
-8.352561951
-8.404088974
-8.415290833
-8.424892426
-8.461057663
-8.459457397
-8.448896408
-8.394168854
-8.298475266
-8.240867615
-8.214622498
-8.289833069
-8.350002289
-8.412731171
-8.406009674
-8.419450760
-8.452415466
-8.459136963
-8.442495346
-8.446016312
-8.441534042
-8.441854477
-8.433853149
-8.401849747
-8.311916351
-8.294313431
-8.287914276
-8.301034927
-8.305835724
-8.345201492
-8.379125595
-8.422971725
-8.445055008
-8.456897736
-8.463296890
-8.452735901
-8.423292160
-8.394168854
-8.326318741
-8.267110825
-8.256868362
-8.282793045
-8.252067566
-8.294633865
-8.298795700
-8.349681854
-8.374006271
-8.379446030
-8.403450012
-8.429693222
-8.441534042
-8.446334839
-8.434814453
-8.387767792
-8.317996979
-8.289833069
-8.254949570
-8.231904984
-8.223585129
-8.244707108
-8.246948242
-8.240547180
-8.285993576
-8.354162216
-8.384567261
-8.414970398
-8.421371460
-8.426492691
-8.454977036
-8.466178894
-8.472898483
-8.463617325
-8.448575974
-8.416570663
-8.365043640
-8.305835724
-8.247907639
-8.235425949
-8.266469955
-8.317037582
-8.325677872
-8.344242096
-8.390647888
-8.432252884
-8.449214935
-8.451456070
-8.453376770
-8.448255539
-8.421371460
-8.346160889
-8.291753769
-8.276071548
-8.266790390
-8.288553238
-8.310316086
-8.333360672
-8.384887695
-8.440574646
-8.452096939
-8.457536697
-8.470018387
-8.477378845
-8.476419449
-8.464897156
-8.438653946
-8.394168854
-8.367605209
-8.311916351
-8.248548508
-8.262630463
-8.252708435
-8.245986938
-8.262948990
-8.370485306
-8.392248154
-8.425212860
-8.441854477
-8.446655273
-8.456577301
-8.457216263
-8.457536697
-8.453697205
-8.413690567
-8.366643906
-8.363763809
-8.287273407
-8.273511887
-8.283432007
-8.297834396
-8.356403351
-8.368885040
-8.374965668
-8.393848419
-8.427772522
-8.440895081
-8.446655273
-8.447616577
-8.446975708
-8.438014984
-8.416570663
-8.371765137
-8.315116882
-8.262310028
-8.263910294
-8.277671814
-8.320238113
-8.377525330
-8.387767792
-8.417852402
-8.426492691
-8.429052353
-8.435453415
-8.449535370
-8.456897736
-8.449214935
-8.452415466
-8.424892426
-8.390968323
-8.358003616
-8.306795120
-8.252067566
-8.239267349
-8.254629135
-8.297834396
-8.328878403
-8.364084244
-8.408889771
-8.428413391
-8.440574646
-8.449855804
-8.449214935
-8.447935104
-8.446016312
-8.413690567
-8.338479996
-8.333040237
-8.288873672
-8.271911621
-8.264230728
-8.284072876
-8.298154831
-8.340400696
-8.398008347
-8.415611267
-8.425851822
-8.438653946
-8.459457397
-8.463296890
-8.462017059
-8.452415466
-8.435132980
-8.399608612
-8.326959610
-8.274791718
-8.262948990
-8.252388000
-8.241827011
-8.237346649
-8.229024887
-8.239906311
-8.298154831
-8.317996979
-8.322477341
-8.318958282
-8.333360672
-8.385526657
-8.402170181
-8.416891098
-8.433853149
-8.441534042
-8.446975708
-8.444416046
-8.422651291
-8.398328781
-8.365364075
-8.301034927
-8.267749786
-8.258468628
-8.263269424
-8.279592514
-8.307756424
-8.312557220
-8.319597244
-8.369205475
-8.420091629
-8.427452087
-8.432573318
-8.445695877
-8.459457397
-8.462337494
-8.455297470
-8.422971725
-8.390968323
-8.357042313
-8.292074203
-8.245668411
-8.230945587
-8.228385925
-8.245347977
-8.275432587
-8.288232803
-8.331760406
-8.375925064
-8.397048950
-8.400249481
-8.405050278
-8.427452087
-8.438653946
-8.443454742
-8.441215515
-8.437694550
-8.422012329
-8.384567261
-8.316717148
-8.285352707
-8.267110825
-8.259429932
-8.273511887
-8.280872345
-8.293354034
-8.329198837
-8.386167526
-8.408250809
-8.401529312
-8.415931702
-8.446975708
-8.456256866
-8.459136963
-8.453376770
-8.451135635
-8.447296143
-8.429052353
-8.383287430
-8.309995651
-8.261669159
-8.232225418
-8.219743729
-8.228065491
-8.251428604
-8.302314758
-8.340400696
-8.352241516
-8.386806488
-8.419132233
-8.428413391
-8.431293488
-8.431934357
-8.434494019
-8.434814453
-8.399288177
-8.364723206
-8.287273407
-8.264230728
-8.250467300
-8.251108170
-8.273832321
-8.300395966
-8.339120865
-8.383926392
-8.405689240
-8.424892426
-8.438974380
-8.450176239
-8.455297470
-8.447296143
-8.418170929
-8.360242844
-8.339759827
-8.315116882
-8.250787735
-8.205020905
-8.206941605
-8.219102859
-8.265830994
-8.291112900
-8.300714493
-8.309995651
-8.344560623
-8.374006271
-8.394807816
-8.414331436
-8.423612595
-8.428733826
-8.426813126
-8.398969650
-8.370805740
-8.341041565
-8.282152176
-8.248228073
-8.232866287
-8.236385345
-8.250467300
-8.282793045
-8.295274734
-8.284072876
-8.299114227
-8.356082916
-8.393207550
-8.403450012
-8.417211533
-8.433214188
-8.444416046
-8.443775177
-8.434814453
-8.401849747
-8.354162216
-8.286632538
-8.227104187
-8.208541870
-8.207262039
-8.235105515
-8.265830994
-8.261030197
-8.266149521
-8.317678452
-8.347442627
-8.357362747
-8.355762482
-8.372724533
-8.406969070
-8.414331436
-8.418491364
-8.421051025
-8.422012329
-8.413690567
-8.383926392
-8.325998306
-8.285993576
-8.256549835
-8.242467880
-8.244386673
-8.250148773
-8.274150848
-8.324077606
-8.362483978
-8.376245499
-8.389047623
-8.424892426
-8.437374115
-8.440895081
-8.438653946
-8.435132980
-8.436414719
-8.428733826
-8.403129578
-8.341041565
-8.281192780
-8.238946915
-8.213983536
-8.209503174
-8.225503922
-8.260389328
-8.318317413
-8.338479996
-8.348722458
-8.382646561
-8.404088974
-8.415290833
-8.419771194
-8.422332764
-8.412410736
-8.397369385
-8.373685837
-8.305515289
-8.253349304
-8.242147446
-8.237667084
-8.258468628
-8.285993576
-8.316396713
-8.361843109
-8.390968323
-8.405050278
-8.417852402
-8.432893753
-8.440895081
-8.441854477
-8.426813126
-8.381366730
-8.370164871
-8.361204147
-8.278312683
-8.227104187
-8.223903656
-8.243106842
-8.298475266
-8.325677872
-8.342000961
-8.361524582
-8.387126923
-8.408889771
-8.417531967
-8.423612595
-8.421051025
-8.410490036
-8.363443375
-8.289194107
-8.271270752
-8.267431259
-8.249187469
-8.250148773
-8.246627808
-8.245027542
-8.266790390
-8.315116882
-8.343601227
-8.340400696
-8.341360092
-8.380725861
-8.421371460
-8.427133560
-8.434494019
-8.438653946
-8.443454742
-8.431613922
-8.392568588
-8.353523254
-8.317037582
-8.259429932
-8.211742401
-8.197021484
-8.200540543
-8.220703125
-8.255908966
-8.261350632
-8.288553238
-8.353202820
-8.367605209
-8.375925064
-8.374965668
-8.377845764
-8.403770447
-8.418170929
-8.424251556
-8.426492691
-8.426172256
-8.409851074
-8.366643906
-8.304555893
-8.274150848
-8.255908966
-8.250467300
-8.267431259
-8.270950317
-8.288873672
-8.338159561
-8.388727188
-8.397369385
-8.399288177
-8.421691895
-8.451135635
-8.450176239
-8.451776505
-8.445375443
-8.436733246
-8.420732498
-8.403129578
-8.358324051
-8.292713165
-8.250787735

