31/07/2020 16:33:47
-8.414970398
-8.416891098
-8.388088226
-8.372724533
-8.330160141
-8.250467300
-8.215904236
-8.209503174
-8.211103439
-8.208221436
-8.205020905
-8.237985611
-8.289514542
-8.335279465
-8.353202820
-8.363122940
-8.386487961
-8.407609940
-8.415290833
-8.417531967
-8.409210205
-8.374324799
-8.336559296
-8.283752441
-8.244068146
-8.236385345
-8.240226746
-8.275112152
-8.294313431
-8.301034927
-8.337520599
-8.395128250
-8.408569336
-8.394807816
-8.418491364
-8.434814453
-8.442815781
-8.444416046
-8.437694550
-8.415290833
-8.371444702
-8.340721130
-8.304876328
-8.247587204
-8.210462570
-8.204381943
-8.219743729
-8.249828339
-8.292394638
-8.333679199
-8.370805740
-8.380086899
-8.396087646
-8.419450760
-8.422651291
-8.421051025
-8.414011002
-8.351282120
-8.344560623
-8.270631790
-8.257509232
-8.237026215
-8.236705780
-8.239585876
-8.246627808
-8.279912949
-8.314477921
-8.338479996
-8.380725861
-8.413051605
-8.423292160
-8.431613922
-8.440574646
-8.442815781
-8.438653946
-8.407289505
-8.340080261
-8.326959610
-8.326639175
-8.265190125
-8.212383270
-8.197021484
-8.195421219
-8.214622498
-8.258150101
-8.284393311
-8.316396713
-8.355442047
-8.386487961
-8.399608612
-8.412731171
-8.422651291
-8.427133560
-8.424571991
-8.391286850
-8.341041565
-8.325998306
-8.293033600
-8.247907639
-8.239906311
-8.237667084
-8.258150101
-8.306476593
-8.328239441
-8.334959030
-8.335599899
-8.361204147
-8.398328781
-8.414331436
-8.427772522
-8.440574646
-8.442815781
-8.437694550
-8.402170181
-8.353523254
-8.332719803
-8.305835724
-8.243106842
-8.204381943
-8.199901581
-8.213983536
-8.244068146
-8.280872345
-8.285673141
-8.317037582
-8.373044968
-8.385206223
-8.397369385
-8.410490036
-8.422651291
-8.424571991
-8.420412064
-8.389368057
-8.342000961
-8.298475266
-8.253988266
-8.236705780
-8.239585876
-8.251428604
-8.293994904
-8.329198837
-8.320558548
-8.373685837
-8.420091629
-8.431613922
-8.420412064
-8.441534042
-8.439615250
-8.438653946
-8.433214188
-8.413051605
-8.354803085
-8.291112900
-8.244707108
-8.218143463
-8.213983536
-8.225824356
-8.271911621
-8.315757751
-8.333679199
-8.362804413
-8.398328781
-8.414651871
-8.416891098
-8.415290833
-8.426172256
-8.426813126
-8.432252884
-8.415611267
-8.393207550
-8.332399368
-8.307756424
-8.301996231
-8.282472610
-8.246627808
-8.243106842
-8.256549835
-8.289514542
-8.330478668
-8.367605209
-8.405368805
-8.435132980
-8.439933777
-8.439294815
-8.444734573
-8.442174911
-8.444416046
-8.427772522
-8.366004944
-8.311595917
-8.301996231
-8.292713165
-8.241827011
-8.204702377
-8.198301315
-8.201822281
-8.218143463
-8.245347977
-8.277030945
-8.321197510
-8.351922989
-8.377525330
-8.399608612
-8.416570663
-8.425851822
-8.429052353
-8.426492691
-8.394168854
-8.366964340
-8.357683182
-8.302314758
-8.246948242
-8.237026215
-8.237985611
-8.246307373
-8.259750366
-8.274791718
-8.285352707
-8.302955627
-8.353523254
-8.391607285
-8.408569336
-8.431934357
-8.442815781
-8.445055008
-8.443454742
-8.425533295
-8.395128250
-8.368564606
-8.310316086
-8.239267349
-8.218143463
-8.215583801
-8.226144791
-8.235105515
-8.233184814
-8.241506577
-8.292074203
-8.339441299
-8.353202820
-8.378805161
-8.399929047
-8.419132233
-8.425533295
-8.428413391
-8.423933029
-8.413370132
-8.382646561
-8.317037582
-8.271911621
-8.259109497
-8.250148773
-8.257829666
-8.265830994
-8.253349304
-8.304235458
-8.364404678
-8.384567261
-8.388406754
-8.386806488
-8.407289505
-8.433534622
-8.440895081
-8.442815781
-8.444095612
-8.437053680
-8.408569336
-8.346160889
-8.286952972
-8.252067566
-8.227745056
-8.215263367
-8.218143463
-8.227745056
-8.268070221
-8.312557220
-8.335279465
-8.338800430
-8.372724533
-8.404729843
-8.415611267
-8.420412064
-8.422332764
-8.426172256
-8.422971725
-8.410169601
-8.366964340
-8.308715820
-8.273511887
-8.249187469
-8.246948242
-8.262630463
-8.287593842
-8.342321396
-8.382966995
-8.387447357
-8.396728516
-8.425533295
-8.441534042
-8.449214935
-8.444734573
-8.440254211
-8.435773849
-8.425212860
-8.411451340
-8.363763809
-8.303915024
-8.261669159
-8.233505249
-8.213663101
-8.212383270
-8.241506577
-8.293033600
-8.312236786
-8.328239441
-8.339759827
-8.376245499
-8.396087646
-8.396728516
-8.395128250
-8.417211533
-8.424892426
-8.430334091
-8.449535370
-8.426172256
-8.364084244
-8.298795700
-8.270950317
-8.234785080
-8.229024887
-8.218143463
-8.213663101
-8.198940277
-8.203741074
-8.210783005
-8.237026215
-8.267749786
-8.262310028
-8.297195435
-8.365364075
-8.376886368
-8.387126923
-8.385206223
-8.400569916
-8.418811798
-8.427772522
-8.420091629
-8.430973053
-8.422012329
-8.417531967
-8.417531967
-8.416570663
-8.391286850
-8.334640503
-8.303915024
-8.268070221
-8.245668411
-8.239906311
-8.251749039
-8.298475266
-8.326959610
-8.347761154
-8.385526657
-8.406650543
-8.367284775
-8.379125595
-8.353202820
-8.319597244
-8.317358017
-8.329198837
-8.351602554
-8.370485306
-8.376245499
-8.348722458
-8.309995651
-8.310956955
-8.371444702
-8.424892426
-8.425533295
-8.421691895
-8.405368805
-8.369205475
-8.322158813
-8.264230728
-8.242467880
-8.231266022
-8.246948242
-8.201181412
-8.211742401
-8.220384598
-8.220064163
-8.239906311
-8.290794373
-8.307435989
-8.318958282
-8.336240768
-8.375925064
-8.396728516
-8.406969070
-8.414011002
-8.423612595
-8.426172256
-8.409530640
-8.332719803
-8.341680527
-8.274471283
-8.243747711
-8.245668411
-8.231586456
-8.258468628
-8.300395966
-8.366323471
-8.357683182
-8.403129578
-8.421051025
-8.442495346
-8.448896408
-8.443454742
-8.440574646
-8.438333511
-8.429052353
-8.414970398
-8.398328781
-8.344560623
-8.310956955
-8.320558548
-8.349361420
-8.366964340
-8.370485306
-8.351282120
-8.327598572
-8.311595917
-8.324718475
-8.364723206
-8.391286850
-8.345201492
-8.234785080
-8.238626480
-8.250148773
-8.294954300
-8.323438644
-8.343280792
-8.372724533
-8.403770447
-8.410810471
-8.418491364
-8.425212860
-8.444095612
-8.405050278
-8.337200165
-8.283752441
-8.277992249
-8.251428604
-8.236705780
-8.229345322
-8.246307373
-8.249507904
-8.282472610
-8.329519272
-8.351282120
-8.377525330
-8.410169601
-8.432252884
-8.438974380
-8.437374115
-8.432893753
-8.410169601
-8.378166199
-8.325998306
-8.300714493
-8.272550583
-8.232866287
-8.204702377
-8.202781677
-8.304555893
-8.334959030
-8.374006271
-8.386806488
-8.329519272
-8.275751114
-8.314796448
-8.336240768
-8.389368057
-8.398008347
-8.410490036
-8.418811798
-8.418811798
-8.398969650
-8.352561951
-8.298795700
-8.279592514
-8.242147446
-8.232866287
-8.225185394
-8.262630463
-8.320877075
-8.329198837
-8.326959610
-8.372085571
-8.376565933
-8.387126923
-8.397687912
-8.410810471
-8.416891098
-8.420091629
-8.418811798
-8.396087646
-8.345521927
-8.328239441
-8.292074203
-8.253667831
-8.219743729
-8.198621750
-8.235746384
-8.263589859
-8.256868362
-8.267749786
-8.314796448
-8.333040237
-8.334640503
-8.369524002
-8.396408081
-8.405689240
-8.412090302
-8.414011002
-8.418491364
-8.413370132
-8.407930374
-8.414651871
-8.407289505
-8.382005692
-8.374645233
-8.367284775
-8.341360092
-8.305515289
-8.284072876
-8.260709763
-8.239585876
-8.231266022
-8.206302643
-8.229665756
-8.287914276
-8.316396713
-8.326639175
-8.345521927
-8.398649216
-8.436414719
-8.431613922
-8.420412064
-8.414970398
-8.420412064
-8.440254211
-8.422012329
-8.390007019
-8.339120865
-8.311277390
-8.310636520
-8.335279465
-8.365684509
-8.369205475
-8.330478668
-8.301034927
-8.319276810
-8.365684509
-8.382966995
-8.318637848
-8.263589859
-8.256229401
-8.300714493
-8.344242096
-8.369205475
-8.388406754
-8.399929047
-8.414331436
-8.417211533
-8.413051605
-8.391927719
-8.322797775
-8.305835724
-8.290153503
-8.243427277
-8.210142136
-8.206941605
-8.220703125
-8.264230728
-8.274471283
-8.283113480
-8.335920334
-8.365684509
-8.384246826
-8.393527985
-8.395128250
-8.410169601
-8.416570663
-8.417852402
-8.421051025
-8.416252136
-8.413051605
-8.407930374
-8.371124268

