31/07/2020 16:35:00
-8.394807816
-8.385847092
-8.425212860
-8.434173584
-8.437694550
-8.440895081
-8.442815781
-8.432573318
-8.390647888
-8.326959610
-8.291753769
-8.266790390
-8.267431259
-8.276712418
-8.284072876
-8.317358017
-8.374324799
-8.391607285
-8.372406006
-8.425851822
-8.434814453
-8.455936432
-8.459457397
-8.459777832
-8.457216263
-8.443454742
-8.429052353
-8.401208878
-8.332719803
-8.271270752
-8.240867615
-8.236385345
-8.249507904
-8.280231476
-8.321838379
-8.368885040
-8.384567261
-8.406969070
-8.436094284
-8.438974380
-8.443134308
-8.443134308
-8.438653946
-8.427772522
-8.425851822
-8.430652618
-8.404729843
-8.351602554
-8.313196182
-8.280872345
-8.256868362
-8.262630463
-8.273832321
-8.314796448
-8.354162216
-8.393527985
-8.419132233
-8.444416046
-8.460416794
-8.470338821
-8.465538025
-8.464258194
-8.463617325
-8.470018387
-8.470659256
-8.464897156
-8.451456070
-8.425851822
-8.418811798
-8.393527985
-8.332399368
-8.279272079
-8.261030197
-8.237985611
-8.229024887
-8.230945587
-8.251749039
-8.293033600
-8.320558548
-8.332719803
-8.361204147
-8.398328781
-8.420412064
-8.440254211
-8.440895081
-8.435132980
-8.429372787
-8.438974380
-8.427452087
-8.390968323
-8.379766464
-8.354803085
-8.317037582
-8.263589859
-8.253988266
-8.271911621
-8.301034927
-8.321197510
-8.373044968
-8.380405426
-8.404729843
-8.409851074
-8.410810471
-8.427772522
-8.461698532
-8.455297470
-8.462978363
-8.456256866
-8.441534042
-8.422332764
-8.418811798
-8.372085571
-8.302635193
-8.274150848
-8.261669159
-8.258789062
-8.251108170
-8.247587204
-8.254949570
-8.268390656
-8.291753769
-8.327919006
-8.366323471
-8.396087646
-8.428733826
-8.413051605
-8.410490036
-8.445375443
-8.464578629
-8.449214935
-8.430334091
-8.374965668
-8.354482651
-8.359283447
-8.345201492
-8.287273407
-8.254308701
-8.255588531
-8.268711090
-8.307435989
-8.323438644
-8.334640503
-8.362163544
-8.388727188
-8.414970398
-8.430973053
-8.440254211
-8.440254211
-8.440254211
-8.432252884
-8.397048950
-8.360563278
-8.358963013
-8.303596497
-8.278951645
-8.269350052
-8.273511887
-8.258789062
-8.268390656
-8.276391983
-8.283113480
-8.312877655
-8.360242844
-8.402809143
-8.422971725
-8.444416046
-8.452735901
-8.453056335
-8.446334839
-8.425533295
-8.418170929
-8.363763809
-8.291112900
-8.242147446
-8.231266022
-8.233184814
-8.253349304
-8.275751114
-8.333999634
-8.347122192
-8.378166199
-8.387767792
-8.363122940
-8.334640503
-8.321517944
-8.343280792
-8.377525330
-8.385206223
-8.367605209
-8.333360672
-8.321517944
-8.351922989
-8.382005692
-8.386487961
-8.348722458
-8.313196182
-8.326639175
-8.383926392
-8.413690567
-8.373365402
-8.288873672
-8.239906311
-8.253667831
-8.273511887
-8.317358017
-8.354803085
-8.367284775
-8.398649216
-8.426172256
-8.437374115
-8.442174911
-8.446975708
-8.452096939
-8.449214935
-8.428733826
-8.371444702
-8.335920334
-8.261989594
-8.229345322
-8.235105515
-8.245027542
-8.276071548
-8.338479996
-8.350322723
-8.350002289
-8.359603882
-8.377845764
-8.408889771
-8.415290833
-8.424251556
-8.428092957
-8.428733826
-8.423612595
-8.384887695
-8.325038910
-8.320877075
-8.293354034
-8.254629135
-8.238946915
-8.231904984
-8.244386673
-8.263269424
-8.301996231
-8.294313431
-8.344560623
-8.384887695
-8.402809143
-8.420091629
-8.360883713
-8.360242844
-8.351282120
-8.321517944
-8.264549255
-8.244707108
-8.246948242
-8.262310028
-8.245986938
-8.303915024
-8.332399368
-8.383605957
-8.411451340
-8.358324051
-8.385847092
-8.411769867
-8.418170929
-8.421691895
-8.424892426
-8.408569336
-8.344881058
-8.355762482
-8.347442627
-8.293674469
-8.300395966
-8.282793045
-8.251108170
-8.231266022
-8.231266022
-8.241186142
-8.281831741
-8.321517944
-8.336879730
-8.367284775
-8.400888443
-8.422012329
-8.419450760
-8.415931702
-8.366004944
-8.365364075
-8.366964340
-8.301996231
-8.231586456
-8.209503174
-8.202781677
-8.208541870
-8.229665756
-8.265510559
-8.313196182
-8.348402023
-8.377845764
-8.401849747
-8.410810471
-8.415290833
-8.418491364
-8.415611267
-8.398008347
-8.381046295
-8.316078186
-8.246307373
-8.196701050
-8.184219360
-8.187099457
-8.192539215
-8.213342667
-8.220703125
-8.234466553
-8.258468628
-8.311277390
-8.340400696
-8.378805161
-8.392248154
-8.407609940
-8.406969070
-8.407609940
-8.411130905
-8.421051025
-8.427133560
-8.396087646
-8.324718475
-8.275751114
-8.255908966
-8.220703125
-8.187419891
-8.188699722
-8.192220688
-8.229986191
-8.271591187
-8.293354034
-8.321197510
-8.354482651
-8.389368057
-8.404088974
-8.409530640
-8.413051605
-8.412410736
-8.408569336
-8.384887695
-8.328239441
-8.339441299
-8.327919006
-8.277671814
-8.238306046
-8.223264694
-8.222303391
-8.223903656
-8.232866287
-8.244707108
-8.247268677
-8.264230728
-8.300714493
-8.346801758
-8.367605209
-8.399929047
-8.421051025
-8.423933029
-8.419132233
-8.423612595
-8.429052353
-8.421371460
-8.394168854
-8.332719803
-8.277030945
-8.257509232
-8.234466553
-8.200222015
-8.188058853
-8.196060181
-8.239267349
-8.279272079
-8.299434662
-8.338159561
-8.375286102
-8.396087646
-8.406650543
-8.405689240
-8.408569336
-8.412090302
-8.409530640
-8.390007019
-8.342321396
-8.305515289
-8.269990921
-8.230625153
-8.219423294
-8.220703125
-8.223264694
-8.232866287
-8.248228073
-8.283113480
-8.322477341
-8.351282120
-8.374645233
-8.384246826
-8.385526657
-8.397369385
-8.404409409
-8.406969070
-8.406650543
-8.388406754
-8.353523254
-8.330478668
-8.272550583
-8.224544525
-8.225185394
-8.225185394
-8.259429932
-8.298475266
-8.348402023
-8.388727188
-8.415611267
-8.431934357
-8.426813126
-8.418811798
-8.400249481
-8.402809143
-8.405050278
-8.358003616
-8.296875000
-8.251108170
-8.214942932
-8.195100784
-8.202461243
-8.230945587
-8.269670486
-8.298795700
-8.325038910
-8.359603882
-8.386806488
-8.402809143
-8.403129578
-8.409210205
-8.406009674
-8.396408081
-8.356723785
-8.272871017
-8.213663101
-8.194780350
-8.195100784
-8.227104187
-8.253349304
-8.271591187
-8.301996231
-8.339759827
-8.393527985
-8.399288177
-8.407930374
-8.412090302
-8.401208878
-8.353523254
-8.293033600
-8.265190125
-8.213663101
-8.207902908
-8.213663101
-8.305515289
-8.381046295
-8.410490036
-8.430973053
-8.427452087
-8.418170929
-8.408569336
-8.401529312
-8.360883713
-8.339120865
-8.305515289
-8.276712418
-8.239906311
-8.229986191
-8.235746384
-8.253988266
-8.302635193
-8.296554565
-8.313837051
-8.383605957
-8.420732498
-8.404729843
-8.403450012
-8.400569916
-8.415290833
-8.375606537
-8.339441299
-8.258468628
-8.212062836
-8.199581146
-8.221664429
-8.277351379
-8.307756424
-8.339759827
-8.363443375
-8.415290833
-8.419771194
-8.408889771
-8.388406754
-8.376886368
-8.342321396
-8.277992249
-8.238946915
-8.239585876
-8.238946915
-8.252708435
-8.269350052
-8.268711090
-8.295913696
-8.355442047
-8.369524002
-8.376886368
-8.399929047
-8.409530640
-8.426492691
-8.430973053
-8.407609940
-8.382646561
-8.363763809
-8.301996231
-8.248228073
-8.258789062
-8.285993576
-8.343601227
-8.375606537
-8.389047623
-8.427452087
-8.429693222
-8.437053680
-8.435132980
-8.427772522
-8.433534622
-8.437053680
-8.427772522
-8.341041565
-8.247268677
-8.228704453
-8.220064163
-8.262948990
-8.274150848
-8.301675797
-8.357042313
-8.392887115
-8.404729843
-8.428413391
-8.435773849
-8.453376770
-8.448575974
-8.443454742
-8.429693222
-8.417852402
-8.411130905
-8.359603882
-8.277351379
-8.225503922
-8.207262039
-8.217184067
-8.246948242
-8.267749786
-8.317678452
-8.349040985
-8.372085571
-8.395448685
-8.407289505
-8.417531967
-8.422651291
-8.421051025
-8.426492691
-8.421691895
-8.422012329
-8.420732498
-8.404409409
-8.362483978
-8.318637848
-8.301034927
-8.267110825
-8.248548508
-8.253988266
-8.244068146
-8.290473938
-8.315116882
-8.358324051
-8.379125595
-8.403450012
-8.419132233
-8.431293488
-8.433214188
-8.437374115
-8.402170181
-8.330478668
-8.273191452
-8.256868362
-8.246627808
-8.270631790
-8.328559875
-8.368885040
-8.384246826

