31/07/2020 16:34:54
-8.355123520
-8.396408081
-8.407289505
-8.406650543
-8.389688492
-8.324077606
-8.258789062
-8.214303970
-8.207582474
-8.217504501
-8.227745056
-8.284713745
-8.319276810
-8.332078934
-8.405368805
-8.418811798
-8.418170929
-8.398008347
-8.301996231
-8.242467880
-8.245347977
-8.243747711
-8.243427277
-8.269990921
-8.319276810
-8.367284775
-8.384887695
-8.424892426
-8.423933029
-8.437053680
-8.428413391
-8.437053680
-8.402488708
-8.351282120
-8.334959030
-8.277992249
-8.222623825
-8.204061508
-8.264869690
-8.314157486
-8.360242844
-8.401208878
-8.405689240
-8.415611267
-8.418170929
-8.414651871
-8.363443375
-8.336879730
-8.285993576
-8.246307373
-8.241827011
-8.236066818
-8.259429932
-8.323438644
-8.362483978
-8.380086899
-8.403129578
-8.421371460
-8.438974380
-8.431613922
-8.407289505
-8.301675797
-8.212703705
-8.204702377
-8.229024887
-8.265510559
-8.315116882
-8.355442047
-8.356082916
-8.378486633
-8.405689240
-8.408250809
-8.425851822
-8.412410736
-8.368885040
-8.333360672
-8.263910294
-8.256549835
-8.232545853
-8.266469955
-8.285032272
-8.320238113
-8.364084244
-8.380086899
-8.423933029
-8.427452087
-8.435773849
-8.434814453
-8.431293488
-8.408250809
-8.384246826
-8.332719803
-8.253028870
-8.253028870
-8.237026215
-8.277671814
-8.323438644
-8.329198837
-8.360563278
-8.400249481
-8.389368057
-8.433214188
-8.422332764
-8.422332764
-8.384567261
-8.357042313
-8.299434662
-8.249507904
-8.245347977
-8.237985611
-8.238946915
-8.252067566
-8.273191452
-8.318958282
-8.367605209
-8.372406006
-8.415931702
-8.424251556
-8.428733826
-8.439294815
-8.422651291
-8.371765137
-8.323759079
-8.263269424
-8.242147446
-8.213983536
-8.203741074
-8.230304718
-8.275751114
-8.296234131
-8.316078186
-8.357683182
-8.374645233
-8.375606537
-8.373365402
-8.390968323
-8.410169601
-8.420091629
-8.422971725
-8.423292160
-8.406009674
-8.395128250
-8.393207550
-8.348722458
-8.271911621
-8.263910294
-8.254629135
-8.249828339
-8.240547180
-8.248548508
-8.283113480
-8.327919006
-8.369524002
-8.396087646
-8.418811798
-8.439933777
-8.443454742
-8.438014984
-8.430652618
-8.399608612
-8.382326126
-8.350322723
-8.275432587
-8.220703125
-8.209821701
-8.213663101
-8.221343994
-8.214942932
-8.221343994
-8.228704453
-8.275751114
-8.320877075
-8.348402023
-8.385206223
-8.400888443
-8.415931702
-8.421371460
-8.415931702
-8.405050278
-8.385847092
-8.317037582
-8.268711090
-8.252067566
-8.251108170
-8.243106842
-8.262630463
-8.264869690
-8.260709763
-8.286314011
-8.344560623
-8.356403351
-8.357042313
-8.357683182
-8.385526657
-8.421691895
-8.429693222
-8.434814453
-8.441854477
-8.438014984
-8.412090302
-8.350961685
-8.314157486
-8.282793045
-8.238306046
-8.202461243
-8.195739746
-8.201501846
-8.247268677
-8.260389328
-8.264869690
-8.257188797
-8.269670486
-8.328878403
-8.347761154
-8.359283447
-8.382005692
-8.406009674
-8.417531967
-8.421691895
-8.421371460
-8.404088974
-8.366323471
-8.305835724
-8.256868362
-8.242147446
-8.242467880
-8.256229401
-8.283113480
-8.284393311
-8.291753769
-8.338800430
-8.390968323
-8.400888443
-8.405050278
-8.417852402
-8.441215515
-8.444095612
-8.439294815
-8.433853149
-8.412090302
-8.379125595
-8.322797775
-8.259109497
-8.221023560
-8.209503174
-8.226785660
-8.250148773
-8.275432587
-8.325038910
-8.354482651
-8.377525330
-8.383926392
-8.405050278
-8.416891098
-8.422012329
-8.423292160
-8.416891098
-8.375286102
-8.342960358
-8.299434662
-8.252708435
-8.235746384
-8.241827011
-8.272232056
-8.318958282
-8.342000961
-8.369205475
-8.408569336
-8.431934357
-8.435773849
-8.432893753
-8.438974380
-8.435773849
-8.437053680
-8.424251556
-8.370485306
-8.306476593
-8.273511887
-8.237985611
-8.211103439
-8.210142136
-8.237346649
-8.285032272
-8.325359344
-8.348081589
-8.384567261
-8.402170181
-8.410490036
-8.418170929
-8.416252136
-8.404729843
-8.402170181
-8.377845764
-8.295595169
-8.272232056
-8.287273407
-8.248228073
-8.240226746
-8.253028870
-8.255268097
-8.264230728
-8.312877655
-8.356082916
-8.374965668
-8.400569916
-8.424251556
-8.437374115
-8.439615250
-8.435773849
-8.415931702
-8.388406754
-8.335279465
-8.259429932
-8.228385925
-8.216863632
-8.219102859
-8.228065491
-8.219102859
-8.264869690
-8.323438644
-8.381046295
-8.394807816
-8.394807816
-8.400888443
-8.429052353
-8.438014984
-8.437374115
-8.436414719
-8.417531967
-8.373685837
-8.298795700
-8.237026215
-8.217184067
-8.213983536
-8.222303391
-8.241506577
-8.258468628
-8.310636520
-8.346160889
-8.365364075
-8.361843109
-8.378166199
-8.409530640
-8.417852402
-8.419132233
-8.418170929
-8.419771194
-8.421051025
-8.417211533
-8.387767792
-8.330160141
-8.275432587
-8.250787735
-8.241506577
-8.252067566
-8.277671814
-8.324718475
-8.371444702
-8.390327454
-8.399608612
-8.425212860
-8.441215515
-8.448575974
-8.445055008
-8.432573318
-8.409851074
-8.384887695
-8.360563278
-8.287273407
-8.226465225
-8.212383270
-8.206621170
-8.218143463
-8.253988266
-8.290794373
-8.342960358
-8.363122940
-8.383926392
-8.408889771
-8.418811798
-8.423933029
-8.423933029
-8.415611267
-8.398328781
-8.386487961
-8.385847092
-8.333999634
-8.258789062
-8.256229401
-8.245986938
-8.245986938
-8.263269424
-8.275751114
-8.297513962
-8.336240768
-8.382005692
-8.405689240
-8.421691895
-8.440895081
-8.443775177
-8.437053680
-8.407930374
-8.358324051
-8.325038910
-8.272871017
-8.217823029
-8.202140808
-8.199260712
-8.211742401
-8.236066818
-8.264549255
-8.291433334
-8.329519272
-8.381687164
-8.391607285
-8.405689240
-8.417211533
-8.423612595
-8.424571991
-8.407609940
-8.346801758
-8.309995651
-8.273191452
-8.246948242
-8.242147446
-8.245347977
-8.269670486
-8.319597244
-8.346160889
-8.348722458
-8.353202820
-8.390647888
-8.427133560
-8.433534622
-8.436414719
-8.439933777
-8.440574646
-8.424251556
-8.376886368
-8.305835724
-8.256229401
-8.223903656
-8.213983536
-8.225503922
-8.258468628
-8.311595917
-8.349361420
-8.353523254
-8.360242844
-8.392887115
-8.411130905
-8.420412064
-8.422332764
-8.427133560
-8.422012329
-8.414011002
-8.392887115
-8.325677872
-8.275751114
-8.254629135
-8.241827011
-8.262310028
-8.291433334
-8.332719803
-8.386806488
-8.402488708
-8.409210205
-8.424251556
-8.440254211
-8.448255539
-8.445055008
-8.423612595
-8.371124268
-8.359924316
-8.304876328
-8.243427277
-8.203102112
-8.195100784
-8.204381943
-8.227424622
-8.252708435
-8.277030945
-8.308715820
-8.342641830
-8.386487961
-8.402170181
-8.418170929
-8.424892426
-8.427452087
-8.423292160
-8.383926392
-8.352882385
-8.340400696
-8.288232803
-8.246307373
-8.234146118
-8.234146118
-8.246948242
-8.272550583
-8.289194107
-8.285352707
-8.288553238
-8.334320068
-8.382646561
-8.401529312
-8.418170929
-8.435453415
-8.443454742
-8.441854477
-8.430013657
-8.407289505
-8.373365402
-8.324398041
-8.269670486
-8.239906311
-8.232545853
-8.222623825
-8.212703705
-8.216222763
-8.226465225
-8.275432587
-8.328878403
-8.341041565
-8.342641830
-8.347761154
-8.389047623
-8.405050278
-8.413690567
-8.420732498
-8.422971725
-8.422651291
-8.398008347
-8.338800430
-8.315116882
-8.281513214
-8.251108170
-8.247907639
-8.248228073
-8.275432587
-8.325677872
-8.342641830
-8.329839706
-8.380725861
-8.414651871
-8.440895081
-8.447616577
-8.444734573
-8.437374115
-8.435453415
-8.414970398
-8.370164871
-8.296234131
-8.249187469
-8.224224091
-8.218784332
-8.230945587
-8.269031525
-8.318317413
-8.354162216
-8.360242844
-8.369205475
-8.396408081
-8.443134308
-8.451776505
-8.445695877
-8.428092957
-8.379446030
-8.354162216
-8.340400696
-8.278951645
-8.227104187
-8.220064163
-8.230304718
-8.275751114
-8.314796448
-8.343601227
-8.390327454
-8.400569916
-8.414331436
-8.424571991
-8.427452087
-8.427772522
-8.413051605
-8.344242096
-8.325359344
-8.331760406
-8.276071548
-8.252067566
-8.250467300
-8.257509232
-8.274150848
-8.323118210
-8.358963013
-8.381366730
-8.429372787
-8.430652618
-8.433853149
-8.433853149
-8.439933777
-8.448575974

