31/07/2020 16:34:49
-8.286314011
-8.248228073
-8.218463898
-8.206941605
-8.221664429
-8.257829666
-8.308076859
-8.331439972
-8.369844437
-8.395448685
-8.409210205
-8.419771194
-8.423612595
-8.420412064
-8.417531967
-8.389368057
-8.309356689
-8.286314011
-8.302955627
-8.264869690
-8.235746384
-8.238306046
-8.227745056
-8.257188797
-8.306476593
-8.347122192
-8.372085571
-8.398328781
-8.422651291
-8.437374115
-8.438653946
-8.438974380
-8.421371460
-8.382005692
-8.309995651
-8.241506577
-8.221023560
-8.213022232
-8.225185394
-8.253349304
-8.251428604
-8.269670486
-8.330160141
-8.347761154
-8.348722458
-8.368885040
-8.403129578
-8.413051605
-8.418811798
-8.420732498
-8.419450760
-8.397369385
-8.359924316
-8.299755096
-8.260389328
-8.240547180
-8.245347977
-8.274471283
-8.291112900
-8.315757751
-8.366643906
-8.404409409
-8.419450760
-8.414651871
-8.420412064
-8.442815781
-8.436414719
-8.437694550
-8.412090302
-8.356082916
-8.338479996
-8.330799103
-8.297195435
-8.236066818
-8.205982208
-8.208221436
-8.221343994
-8.253667831
-8.296875000
-8.344560623
-8.371124268
-8.383287430
-8.406009674
-8.414331436
-8.420732498
-8.421371460
-8.413690567
-8.356403351
-8.350641251
-8.330160141
-8.287593842
-8.236066818
-8.230625153
-8.228704453
-8.234146118
-8.261669159
-8.293033600
-8.325359344
-8.368885040
-8.398969650
-8.414970398
-8.425533295
-8.431934357
-8.435453415
-8.421691895
-8.372406006
-8.318317413
-8.293354034
-8.264869690
-8.219423294
-8.189979553
-8.183258057
-8.187740326
-8.215263367
-8.245027542
-8.273832321
-8.308715820
-8.351282120
-8.381366730
-8.390968323
-8.404088974
-8.411130905
-8.414970398
-8.409530640
-8.366964340
-8.323759079
-8.289194107
-8.250467300
-8.234146118
-8.230304718
-8.241827011
-8.282793045
-8.339441299
-8.355123520
-8.358642578
-8.382005692
-8.419771194
-8.426813126
-8.426492691
-8.429693222
-8.424892426
-8.401529312
-8.345842361
-8.281192780
-8.252388000
-8.227424622
-8.204061508
-8.197340012
-8.206621170
-8.243427277
-8.290473938
-8.332078934
-8.346481323
-8.383605957
-8.398328781
-8.408250809
-8.411769867
-8.412090302
-8.394807816
-8.377525330
-8.341680527
-8.285673141
-8.239267349
-8.231904984
-8.236066818
-8.258789062
-8.282793045
-8.311277390
-8.363443375
-8.395769119
-8.402488708
-8.409210205
-8.428733826
-8.431934357
-8.434814453
-8.428092957
-8.406650543
-8.357042313
-8.341360092
-8.317996979
-8.251428604
-8.202781677
-8.192859650
-8.195421219
-8.216222763
-8.246307373
-8.289833069
-8.331760406
-8.356082916
-8.381046295
-8.401849747
-8.408889771
-8.413051605
-8.412090302
-8.395769119
-8.364723206
-8.369524002
-8.301996231
-8.244068146
-8.226785660
-8.216863632
-8.221343994
-8.238946915
-8.268711090
-8.283752441
-8.303596497
-8.341360092
-8.388088226
-8.403770447
-8.416891098
-8.428733826
-8.428092957
-8.413370132
-8.364084244
-8.332399368
-8.309995651
-8.261350632
-8.202461243
-8.187419891
-8.187419891
-8.197340012
-8.224224091
-8.242467880
-8.234785080
-8.231904984
-8.285352707
-8.323759079
-8.344881058
-8.370164871
-8.396087646
-8.405368805
-8.408250809
-8.406330109
-8.386806488
-8.342641830
-8.277992249
-8.240867615
-8.226144791
-8.232225418
-8.251108170
-8.264869690
-8.251428604
-8.302955627
-8.361204147
-8.390007019
-8.402488708
-8.404409409
-8.414651871
-8.430334091
-8.432573318
-8.428413391
-8.412090302
-8.365364075
-8.321838379
-8.260389328
-8.209182739
-8.194139481
-8.204061508
-8.246307373
-8.272232056
-8.301675797
-8.353841782
-8.371124268
-8.381366730
-8.378805161
-8.392887115
-8.406650543
-8.412090302
-8.413370132
-8.407609940
-8.365364075
-8.349361420
-8.308715820
-8.254308701
-8.229345322
-8.228704453
-8.250467300
-8.291112900
-8.326318741
-8.355762482
-8.393848419
-8.418170929
-8.423292160
-8.422651291
-8.423933029
-8.417211533
-8.419132233
-8.398969650
-8.332719803
-8.274471283
-8.257188797
-8.229345322
-8.195739746
-8.195421219
-8.218784332
-8.265190125
-8.312236786
-8.333679199
-8.369205475
-8.391927719
-8.405050278
-8.409530640
-8.409210205
-8.395448685
-8.369205475
-8.312557220
-8.250787735
-8.227745056
-8.227745056
-8.236066818
-8.265510559
-8.280551910
-8.282152176
-8.301675797
-8.355442047
-8.388727188
-8.401849747
-8.416570663
-8.425533295
-8.428733826
-8.416570663
-8.372724533
-8.320877075
-8.274150848
-8.228385925
-8.192859650
-8.188058853
-8.206621170
-8.248867035
-8.288553238
-8.370164871
-8.398008347
-8.424892426
-8.432893753
-8.431934357
-8.426492691
-8.423933029
-8.413370132
-8.360563278
-8.318637848
-8.231586456
-8.198301315
-8.202781677
-8.226144791
-8.262948990
-8.304555893
-8.351282120
-8.362483978
-8.413051605
-8.430013657
-8.427452087
-8.430973053
-8.430334091
-8.404729843
-8.342960358
-8.327598572
-8.332399368
-8.290473938
-8.222944260
-8.194459915
-8.189659119
-8.204702377
-8.240547180
-8.270631790
-8.313837051
-8.346801758
-8.374965668
-8.398969650
-8.407289505
-8.410810471
-8.410810471
-8.378805161
-8.316396713
-8.286632538
-8.280872345
-8.249187469
-8.229345322
-8.223264694
-8.215263367
-8.257509232
-8.304555893
-8.353202820
-8.372724533
-8.394168854
-8.419450760
-8.430334091
-8.427772522
-8.415611267
-8.377525330
-8.326959610
-8.260068893
-8.219743729
-8.216543198
-8.208862305
-8.203741074
-8.226144791
-8.250148773
-8.303915024
-8.340721130
-8.357042313
-8.352882385
-8.358963013
-8.391607285
-8.402809143
-8.406650543
-8.407289505
-8.412731171
-8.408250809
-8.391927719
-8.332719803
-8.241506577
-8.213342667
-8.204381943
-8.225824356
-8.256868362
-8.346801758
-8.385847092
-8.411769867
-8.414970398
-8.417211533
-8.433853149
-8.437374115
-8.439933777
-8.437694550
-8.425533295
-8.406650543
-8.398328781
-8.391607285
-8.345201492
-8.276391983
-8.242786407
-8.216863632
-8.199581146
-8.210462570
-8.231586456
-8.287914276
-8.322797775
-8.339441299
-8.366323471
-8.395448685
-8.409210205
-8.411769867
-8.414651871
-8.404729843
-8.389688492
-8.378486633
-8.321838379
-8.252708435
-8.239585876
-8.236066818
-8.237026215
-8.249828339
-8.259109497
-8.281831741
-8.326639175
-8.366004944
-8.392568588
-8.422651291
-8.431613922
-8.436094284
-8.419771194
-8.379125595
-8.337200165
-8.328559875
-8.278312683
-8.233505249
-8.226144791
-8.226785660
-8.248867035
-8.288873672
-8.292394638
-8.309995651
-8.341680527
-8.390327454
-8.409530640
-8.416570663
-8.430652618
-8.433853149
-8.426172256
-8.397687912
-8.358324051
-8.322477341
-8.289194107
-8.234146118
-8.192220688
-8.195100784
-8.213663101
-8.261669159
-8.291753769
-8.293994904
-8.294313431
-8.350641251
-8.369205475
-8.380086899
-8.393207550
-8.406330109
-8.420732498
-8.421371460
-8.419771194
-8.410169601
-8.379446030
-8.334959030
-8.244386673
-8.227745056
-8.215904236
-8.207902908
-8.215904236
-8.243427277
-8.254949570
-8.296234131
-8.344881058
-8.365364075
-8.367923737
-8.410169601
-8.414011002
-8.435773849
-8.437374115
-8.433534622
-8.429372787
-8.425533295
-8.403129578
-8.356723785
-8.289514542
-8.237667084
-8.225503922
-8.229665756
-8.229024887
-8.236066818
-8.259109497
-8.312877655
-8.341680527
-8.357042313
-8.384887695
-8.424251556
-8.432573318
-8.432573318
-8.428413391
-8.428733826
-8.429372787
-8.421371460
-8.395448685
-8.328559875
-8.271591187
-8.229345322
-8.205661774
-8.209503174
-8.235425949
-8.291753769
-8.325359344
-8.338800430
-8.370805740
-8.401529312
-8.410810471
-8.412090302
-8.413051605
-8.418170929
-8.417852402
-8.417211533
-8.411451340
-8.360242844
-8.325998306
-8.308395386
-8.299755096
-8.269990921
-8.238946915
-8.230304718
-8.239906311
-8.264869690
-8.304555893
-8.343280792
-8.385847092
-8.413690567
-8.427772522
-8.429372787
-8.422971725
-8.410490036
-8.400249481
-8.342000961
-8.256229401
-8.211103439
-8.210142136
-8.211103439
-8.210462570
-8.223903656
-8.241506577
-8.288232803
-8.338800430
-8.381366730
-8.380725861
-8.388088226
-8.395769119
-8.421371460
-8.414331436
-8.403129578
-8.379766464
-8.327919006
-8.258789062
-8.237346649
-8.237346649
-8.235746384

