31/07/2020 16:34:26
-8.360883713
-8.340721130
-8.296554565
-8.287273407
-8.284072876
-8.309036255
-8.344881058
-8.353841782
-8.377845764
-8.403450012
-8.432893753
-8.410810471
-8.359603882
-8.357362747
-8.385206223
-8.413051605
-8.422971725
-8.410490036
-8.368244171
-8.352561951
-8.381366730
-8.436733246
-8.471939087
-8.463296890
-8.431934357
-8.359283447
-8.302635193
-8.290473938
-8.288553238
-8.317358017
-8.340721130
-8.369205475
-8.420412064
-8.443775177
-8.462337494
-8.462337494
-8.472579956
-8.481540680
-8.490821838
-8.488262177
-8.469379425
-8.423612595
-8.383926392
-8.334959030
-8.283752441
-8.256868362
-8.255268097
-8.289833069
-8.319276810
-8.333040237
-8.375925064
-8.419450760
-8.444734573
-8.460737228
-8.475139618
-8.473218918
-8.476739883
-8.478019714
-8.474498749
-8.457216263
-8.380086899
-8.310956955
-8.275432587
-8.259109497
-8.280231476
-8.319597244
-8.333040237
-8.349361420
-8.419450760
-8.464897156
-8.483140945
-8.489862442
-8.487621307
-8.489862442
-8.494022369
-8.473859787
-8.461378098
-8.393207550
-8.376565933
-8.336559296
-8.309356689
-8.263589859
-8.263910294
-8.364723206
-8.385526657
-8.406330109
-8.418170929
-8.422012329
-8.414970398
-8.384887695
-8.365364075
-8.373365402
-8.420091629
-8.460737228
-8.470338821
-8.421051025
-8.348402023
-8.317037582
-8.303915024
-8.276391983
-8.243106842
-8.274791718
-8.283432007
-8.353523254
-8.398008347
-8.423933029
-8.440895081
-8.457216263
-8.474180222
-8.474498749
-8.474498749
-8.477378845
-8.477699280
-8.465858459
-8.404409409
-8.368564606
-8.330799103
-8.302314758
-8.296234131
-8.293674469
-8.299114227
-8.331119537
-8.386806488
-8.385847092
-8.404088974
-8.472898483
-8.481220245
-8.464258194
-8.410810471
-8.422012329
-8.422332764
-8.415290833
-8.382646561
-8.365364075
-8.391607285
-8.436733246
-8.437694550
-8.367284775
-8.350002289
-8.403129578
-8.459777832
-8.488580704
-8.438653946
-8.389047623
-8.377525330
-8.314796448
-8.271911621
-8.255268097
-8.250467300
-8.251428604
-8.281831741
-8.322158813
-8.338479996
-8.363763809
-8.396728516
-8.435132980
-8.445695877
-8.461698532
-8.473539352
-8.476739883
-8.478019714
-8.468738556
-8.437374115
-8.431293488
-8.391607285
-8.323759079
-8.306156158
-8.302314758
-8.264230728
-8.298154831
-8.317358017
-8.318958282
-8.358324051
-8.398969650
-8.425533295
-8.447296143
-8.455615997
-8.469697952
-8.477699280
-8.477378845
-8.478660583
-8.481861115
-8.481220245
-8.465538025
-8.417531967
-8.331760406
-8.293354034
-8.270631790
-8.265510559
-8.272232056
-8.279912949
-8.302955627
-8.367284775
-8.382326126
-8.399608612
-8.454656601
-8.462337494
-8.492101669
-8.493701935
-8.493701935
-8.492422104
-8.477378845
-8.434814453
-8.362163544
-8.320238113
-8.298475266
-8.274150848
-8.261989594
-8.272550583
-8.302955627
-8.354162216
-8.391607285
-8.412731171
-8.429052353
-8.465538025
-8.474180222
-8.476739883
-8.471298218
-8.481861115
-8.481220245
-8.475460052
-8.453056335
-8.402809143
-8.333679199
-8.311916351
-8.301675797
-8.296554565
-8.314796448
-8.328878403
-8.383287430
-8.422012329
-8.421371460
-8.449535370
-8.454656601
-8.481540680
-8.483140945
-8.480899811
-8.445375443
-8.397687912
-8.358963013
-8.309036255
-8.292713165
-8.270631790
-8.290473938
-8.297834396
-8.356403351
-8.366004944
-8.424251556
-8.436094284
-8.421691895
-8.475460052
-8.469379425
-8.485061646
-8.492101669
-8.486661911
-8.483461380
-8.477378845
-8.468097687
-8.400888443
-8.317996979
-8.333999634
-8.361204147
-8.421371460
-8.461378098
-8.469379425
-8.482500076
-8.498823166
-8.511943817
-8.500423431
-8.468418121
-8.444734573
-8.402488708
-8.333999634
-8.276071548
-8.339120865
-8.401208878
-8.459136963
-8.450176239
-8.489862442
-8.487621307
-8.486021042
-8.493381500
-8.471618652
-8.393207550
-8.386167526
-8.366323471
-8.330160141
-8.316396713
-8.333679199
-8.385206223
-8.388088226
-8.404729843
-8.432573318
-8.463617325
-8.483779907
-8.494661331
-8.491781235
-8.471618652
-8.443775177
-8.366004944
-8.313516617
-8.304876328
-8.305194855
-8.301675797
-8.326318741
-8.361524582
-8.368885040
-8.413051605
-8.462657928
-8.481861115
-8.476099014
-8.479299545
-8.488901138
-8.490821838
-8.493061066
-8.493061066
-8.487300873
-8.476739883
-8.458498001
-8.398008347
-8.336559296
-8.326318741
-8.326318741
-8.316078186
-8.329198837
-8.337200165
-8.342000961
-8.384567261
-8.425851822
-8.455936432
-8.474819183
-8.491460800
-8.517705917
-8.523786545
-8.516105652
-8.493701935
-8.471939087
-8.418491364
-8.389688492
-8.354803085
-8.335920334
-8.316078186
-8.283113480
-8.279272079
-8.271270752
-8.289194107
-8.398008347
-8.462017059
-8.475780487
-8.490501404
-8.494022369
-8.496902466
-8.470659256
-8.358324051
-8.316396713
-8.323438644
-8.326639175
-8.391286850
-8.392887115
-8.426172256
-8.485061646
-8.475780487
-8.489542007
-8.502662659
-8.518344879
-8.512264252
-8.513544083
-8.486021042
-8.430652618
-8.389368057
-8.355123520
-8.310636520
-8.281192780
-8.294954300
-8.310636520
-8.360883713
-8.398649216
-8.425212860
-8.451456070
-8.458177567
-8.494022369
-8.482500076
-8.461057663
-8.439294815
-8.384887695
-8.329839706
-8.300075531
-8.323118210
-8.361204147
-8.407289505
-8.458498001
-8.470979691
-8.505863190
-8.514184952
-8.515785217
-8.513864517
-8.509063721
-8.512264252
-8.505542755
-8.475460052
-8.433214188
-8.383287430
-8.330799103
-8.317037582
-8.323438644
-8.330478668
-8.345842361
-8.401529312
-8.443454742
-8.453056335
-8.486661911
-8.495622635
-8.482179642
-8.468097687
-8.426813126
-8.390647888
-8.351922989
-8.320558548
-8.320238113
-8.334320068
-8.344881058
-8.361843109
-8.404409409
-8.443134308
-8.483461380
-8.502344131
-8.511625290
-8.506504059
-8.510343552
-8.507463455
-8.490180969
-8.438974380
-8.359283447
-8.320238113
-8.312236786
-8.307435989
-8.288873672
-8.275751114
-8.271270752
-8.275751114
-8.327278137
-8.392248154
-8.449214935
-8.459777832
-8.462017059
-8.472579956
-8.481540680
-8.488901138
-8.492422104
-8.493701935
-8.489221573
-8.414331436
-8.338159561
-8.291753769
-8.281513214
-8.311595917
-8.317996979
-8.342960358
-8.411769867
-8.407609940
-8.434814453
-8.453056335
-8.477378845
-8.489862442
-8.492101669
-8.491781235
-8.476739883
-8.413370132
-8.332399368
-8.329519272
-8.331760406
-8.314157486
-8.310316086
-8.339120865
-8.347122192
-8.380405426
-8.439615250
-8.466497421
-8.465858459
-8.502662659
-8.499143600
-8.510663986
-8.514825821
-8.511943817
-8.494022369
-8.443775177
-8.408569336
-8.363443375
-8.305194855
-8.270631790
-8.269670486
-8.278312683
-8.304555893
-8.330478668
-8.361204147
-8.414651871
-8.446334839
-8.451456070
-8.462017059
-8.482179642
-8.487621307
-8.491142273
-8.487621307
-8.469379425
-8.440895081
-8.416252136
-8.374965668
-8.316396713
-8.303596497
-8.307435989
-8.327598572
-8.367923737
-8.394807816
-8.429052353
-8.472579956
-8.487300873
-8.491460800
-8.500743866
-8.503623962
-8.506504059
-8.502344131
-8.467138290
-8.396728516
-8.373044968
-8.368244171
-8.327598572
-8.276391983
-8.261989594
-8.264549255
-8.290473938
-8.329519272
-8.356082916
-8.402809143
-8.430973053
-8.455297470
-8.470018387
-8.481540680
-8.484741211
-8.484741211
-8.454656601
-8.384246826
-8.352882385
-8.340721130
-8.310316086
-8.308076859
-8.308076859
-8.307435989
-8.334320068
-8.384887695
-8.410490036
-8.423933029
-8.440895081
-8.475780487
-8.493701935
-8.496261597
-8.500102997
-8.486021042
-8.447616577
-8.381046295
-8.325038910
-8.292074203
-8.277030945
-8.280231476
-8.282472610
-8.301034927
-8.360883713
-8.386487961
-8.393527985
-8.414970398
-8.445055008
-8.471298218
-8.479299545
-8.481861115
-8.481540680
-8.480260849
-8.464258194
-8.428092957
-8.364723206
-8.323438644
-8.302314758
-8.305515289
-8.324077606
-8.347442627
-8.386487961
-8.441854477
-8.465538025
-8.467458725
-8.469058990
-8.493701935
-8.502662659
-8.506824493
-8.502023697
-8.487621307
-8.454977036
-8.454336166
-8.444095612
-8.392568588
-8.320558548
-8.282472610
-8.266790390

