31/07/2020 16:34:05
-8.272550583
-8.228385925
-8.219743729
-8.226144791
-8.247907639
-8.269350052
-8.278631210
-8.302635193
-8.330478668
-8.342960358
-8.349361420
-8.375606537
-8.398008347
-8.414331436
-8.413370132
-8.448896408
-8.444734573
-8.444734573
-8.434814453
-8.383926392
-8.323118210
-8.309036255
-8.268711090
-8.229986191
-8.223585129
-8.220384598
-8.237985611
-8.278631210
-8.303276062
-8.314157486
-8.360563278
-8.397369385
-8.419450760
-8.431613922
-8.439294815
-8.442174911
-8.431613922
-8.366323471
-8.332078934
-8.302314758
-8.281192780
-8.267110825
-8.264230728
-8.252067566
-8.301996231
-8.361204147
-8.405368805
-8.417852402
-8.417211533
-8.445695877
-8.464897156
-8.467458725
-8.465538025
-8.461378098
-8.444734573
-8.393527985
-8.334640503
-8.269670486
-8.234466553
-8.237026215
-8.257829666
-8.299755096
-8.349040985
-8.387767792
-8.416891098
-8.416891098
-8.421691895
-8.444734573
-8.449214935
-8.448896408
-8.444416046
-8.392568588
-8.382966995
-8.354803085
-8.329839706
-8.292713165
-8.225824356
-8.223903656
-8.227424622
-8.241186142
-8.262310028
-8.272232056
-8.311595917
-8.341360092
-8.351602554
-8.386487961
-8.421691895
-8.437694550
-8.441215515
-8.440574646
-8.451135635
-8.453056335
-8.451135635
-8.442495346
-8.380725861
-8.342641830
-8.326959610
-8.332078934
-8.311916351
-8.275751114
-8.260068893
-8.262948990
-8.263589859
-8.269990921
-8.275112152
-8.289833069
-8.329839706
-8.355762482
-8.370485306
-8.420091629
-8.447935104
-8.464258194
-8.445055008
-8.441534042
-8.448896408
-8.454336166
-8.453376770
-8.444095612
-8.393207550
-8.388088226
-8.364723206
-8.336879730
-8.290153503
-8.269031525
-8.269031525
-8.281513214
-8.312236786
-8.342960358
-8.376245499
-8.422332764
-8.446655273
-8.449214935
-8.463937759
-8.473859787
-8.477060318
-8.470979691
-8.424892426
-8.358963013
-8.348722458
-8.353523254
-8.312236786
-8.254629135
-8.237346649
-8.252708435
-8.255268097
-8.286314011
-8.309036255
-8.334959030
-8.364084244
-8.389688492
-8.416252136
-8.438974380
-8.449535370
-8.454336166
-8.455297470
-8.447296143
-8.413051605
-8.395448685
-8.351282120
-8.285673141
-8.277030945
-8.274471283
-8.278312683
-8.282472610
-8.285993576
-8.332078934
-8.366643906
-8.421371460
-8.447935104
-8.461057663
-8.472259521
-8.483779907
-8.485700607
-8.481861115
-8.482820511
-8.481861115
-8.482500076
-8.478979111
-8.462657928
-8.434173584
-8.389047623
-8.356723785
-8.290473938
-8.260068893
-8.255908966
-8.281513214
-8.341041565
-8.367605209
-8.373044968
-8.394168854
-8.420412064
-8.433534622
-8.475460052
-8.473539352
-8.454336166
-8.411130905
-8.338479996
-8.282152176
-8.259109497
-8.261030197
-8.284393311
-8.309356689
-8.310636520
-8.340400696
-8.390327454
-8.411130905
-8.425851822
-8.481220245
-8.487621307
-8.469697952
-8.477699280
-8.467458725
-8.439294815
-8.356082916
-8.267431259
-8.248548508
-8.237985611
-8.293354034
-8.343280792
-8.363443375
-8.415931702
-8.450176239
-8.485700607
-8.477378845
-8.485380173
-8.470659256
-8.415611267
-8.359283447
-8.294633865
-8.265510559
-8.241186142
-8.260068893
-8.281513214
-8.309677124
-8.320238113
-8.396087646
-8.444734573
-8.459457397
-8.461057663
-8.466817856
-8.477699280
-8.487621307
-8.484420776
-8.453056335
-8.380725861
-8.354803085
-8.325038910
-8.282152176
-8.255588531
-8.266469955
-8.292713165
-8.354803085
-8.384567261
-8.407609940
-8.428733826
-8.433853149
-8.462337494
-8.473859787
-8.476419449
-8.487621307
-8.486341476
-8.466817856
-8.389688492
-8.323118210
-8.296234131
-8.275112152
-8.252388000
-8.244386673
-8.261350632
-8.309677124
-8.416891098
-8.416891098
-8.402488708
-8.442495346
-8.470979691
-8.467458725
-8.481220245
-8.472259521
-8.436094284
-8.386806488
-8.327278137
-8.265830994
-8.239906311
-8.236066818
-8.253349304
-8.269350052
-8.275751114
-8.295913696
-8.341041565
-8.385526657
-8.428092957
-8.467779160
-8.472579956
-8.483779907
-8.479299545
-8.475780487
-8.468738556
-8.443134308
-8.431293488
-8.394487381
-8.312557220
-8.275112152
-8.262630463
-8.292074203
-8.346801758
-8.353202820
-8.441215515
-8.438653946
-8.439933777
-8.453376770
-8.457216263
-8.465217590
-8.471298218
-8.467458725
-8.446975708
-8.430334091
-8.429052353
-8.354162216
-8.281192780
-8.258150101
-8.267110825
-8.336879730
-8.358642578
-8.357362747
-8.360883713
-8.445055008
-8.443134308
-8.445695877
-8.459136963
-8.458177567
-8.464897156
-8.481861115
-8.483461380
-8.463617325
-8.416570663
-8.384887695
-8.319276810
-8.276071548
-8.282793045
-8.303596497
-8.352241516
-8.391927719
-8.438014984
-8.469058990
-8.479940414
-8.483140945
-8.486661911
-8.476099014
-8.446016312
-8.430334091
-8.357042313
-8.303596497
-8.288232803
-8.277030945
-8.290153503
-8.310956955
-8.320238113
-8.337520599
-8.386167526
-8.441534042
-8.421051025
-8.410169601
-8.462657928
-8.463937759
-8.459457397
-8.455615997
-8.403770447
-8.343280792
-8.329198837
-8.302955627
-8.270311356
-8.255588531
-8.255588531
-8.253349304
-8.249828339
-8.320238113
-8.357042313
-8.422332764
-8.428092957
-8.454977036
-8.472898483
-8.486980438
-8.493381500
-8.492742538
-8.482179642
-8.468097687
-8.432573318
-8.394807816
-8.338800430
-8.278631210
-8.281192780
-8.283113480
-8.287273407
-8.296234131
-8.323118210
-8.349361420
-8.379446030
-8.375606537
-8.430013657
-8.442174911
-8.460416794
-8.464578629
-8.462337494
-8.472579956
-8.448575974
-8.391607285
-8.354803085
-8.278631210
-8.270311356
-8.292394638
-8.347761154
-8.386167526
-8.410810471
-8.433853149
-8.447296143
-8.454015732
-8.467138290
-8.464578629
-8.460737228
-8.439615250
-8.339441299
-8.256549835
-8.237026215
-8.242786407
-8.289194107
-8.358324051
-8.371765137
-8.391927719
-8.437053680
-8.461378098
-8.465858459
-8.461378098
-8.433853149
-8.398969650
-8.342000961
-8.302635193
-8.275112152
-8.277351379
-8.292394638
-8.309995651
-8.311277390
-8.380725861
-8.401529312
-8.440895081
-8.417852402
-8.444095612
-8.467458725
-8.471939087
-8.472579956
-8.468097687
-8.462657928
-8.394807816
-8.434494019
-8.380405426
-8.330799103
-8.275432587
-8.254949570
-8.255588531
-8.274791718
-8.309995651
-8.345201492
-8.395128250
-8.417852402
-8.436733246
-8.489862442
-8.490180969
-8.487621307
-8.482500076
-8.439615250
-8.382326126
-8.359603882
-8.342960358
-8.287273407
-8.245347977
-8.283752441
-8.291112900
-8.329519272
-8.367923737
-8.395448685
-8.429052353
-8.462978363
-8.474180222
-8.477699280
-8.478019714
-8.487941742
-8.490501404
-8.478979111
-8.433214188
-8.385206223
-8.369524002
-8.344242096
-8.285673141
-8.250787735
-8.250787735
-8.280551910
-8.324077606
-8.349040985
-8.374324799
-8.418811798
-8.445055008
-8.455297470
-8.462657928
-8.469058990
-8.471939087
-8.464897156
-8.427452087
-8.367605209
-8.337200165
-8.314796448
-8.293033600
-8.287914276
-8.291433334
-8.316078186
-8.367284775
-8.399608612
-8.409210205
-8.418491364
-8.456897736
-8.479940414
-8.485700607
-8.486021042
-8.485700607
-8.474819183
-8.446975708
-8.390007019
-8.321838379
-8.285352707
-8.264549255
-8.263269424
-8.276071548
-8.304555893
-8.356723785
-8.397048950
-8.402809143
-8.408250809
-8.441854477
-8.458498001
-8.467138290
-8.467779160
-8.470018387
-8.458816528
-8.443775177
-8.423292160
-8.357683182
-8.309036255
-8.294954300
-8.286952972
-8.311277390
-8.342641830
-8.382005692
-8.433214188
-8.451135635
-8.459777832
-8.473859787
-8.488901138
-8.496582031
-8.495302200
-8.478979111
-8.436733246
-8.426492691
-8.421691895
-8.380405426
-8.303276062
-8.261989594
-8.253028870
-8.263589859
-8.291433334
-8.324077606
-8.367605209
-8.401529312
-8.432252884
-8.453697205
-8.467458725
-8.471298218
-8.473218918
-8.464578629
-8.412731171
-8.374006271
-8.354162216
-8.309677124
-8.288232803
-8.279592514
-8.279912949
-8.298154831
-8.337200165
-8.362804413
-8.368564606
-8.379446030
-8.424892426
-8.462017059
-8.470338821
-8.480260849
-8.486980438
-8.487621307
-8.469379425
-8.418491364
-8.380086899
-8.333679199
-8.276071548
-8.250467300

