31/07/2020 16:33:40
-8.429052353
-8.447935104
-8.438974380
-8.398008347
-8.325998306
-8.296875000
-8.277030945
-8.233505249
-8.248867035
-8.246627808
-8.263589859
-8.319917679
-8.358003616
-8.383605957
-8.387767792
-8.404409409
-8.432573318
-8.440574646
-8.431293488
-8.430013657
-8.429693222
-8.430334091
-8.419771194
-8.404409409
-8.386806488
-8.378805161
-8.299434662
-8.281831741
-8.284393311
-8.261669159
-8.212062836
-8.204702377
-8.285673141
-8.345201492
-8.366643906
-8.393207550
-8.406969070
-8.425851822
-8.437374115
-8.447616577
-8.450176239
-8.446334839
-8.442174911
-8.418811798
-8.372085571
-8.286314011
-8.237667084
-8.239267349
-8.245027542
-8.263910294
-8.259750366
-8.309036255
-8.360242844
-8.405368805
-8.419450760
-8.422012329
-8.433534622
-8.446016312
-8.445055008
-8.423292160
-8.375606537
-8.340400696
-8.290473938
-8.252388000
-8.248548508
-8.241186142
-8.285352707
-8.344560623
-8.363443375
-8.367284775
-8.404729843
-8.440574646
-8.444734573
-8.439933777
-8.433214188
-8.435132980
-8.429052353
-8.425851822
-8.397369385
-8.324077606
-8.314796448
-8.301355362
-8.283113480
-8.261669159
-8.247587204
-8.248867035
-8.265830994
-8.292074203
-8.321517944
-8.359283447
-8.407289505
-8.426813126
-8.433534622
-8.444416046
-8.422651291
-8.402488708
-8.334959030
-8.271911621
-8.250787735
-8.251428604
-8.211421967
-8.220703125
-8.261350632
-8.299755096
-8.344560623
-8.367284775
-8.384246826
-8.401529312
-8.398969650
-8.433214188
-8.405050278
-8.342641830
-8.308395386
-8.276391983
-8.246627808
-8.218784332
-8.200860977
-8.207582474
-8.219102859
-8.252388000
-8.285032272
-8.339120865
-8.352882385
-8.384567261
-8.396408081
-8.400888443
-8.408569336
-8.411769867
-8.433534622
-8.441534042
-8.448255539
-8.451135635
-8.447296143
-8.426492691
-8.379446030
-8.328559875
-8.313516617
-8.297513962
-8.256229401
-8.246627808
-8.240226746
-8.252388000
-8.307435989
-8.322477341
-8.371765137
-8.390007019
-8.416570663
-8.424892426
-8.429052353
-8.424251556
-8.394807816
-8.371124268
-8.318958282
-8.277671814
-8.248867035
-8.245668411
-8.275751114
-8.285352707
-8.353841782
-8.376245499
-8.422332764
-8.407289505
-8.445375443
-8.438333511
-8.446655273
-8.454336166
-8.445695877
-8.377845764
-8.278951645
-8.246627808
-8.232866287
-8.226785660
-8.205982208
-8.207262039
-8.225185394
-8.256868362
-8.296875000
-8.362163544
-8.368244171
-8.387447357
-8.392887115
-8.403129578
-8.419450760
-8.418170929
-8.425212860
-8.361204147
-8.282472610
-8.267431259
-8.259109497
-8.253028870
-8.292074203
-8.353202820
-8.359603882
-8.392248154
-8.419771194
-8.429052353
-8.439615250
-8.451776505
-8.453376770
-8.450496674
-8.445375443
-8.445695877
-8.436094284
-8.411451340
-8.342000961
-8.262310028
-8.235105515
-8.228704453
-8.226465225
-8.221023560
-8.245027542
-8.286314011
-8.337520599
-8.358963013
-8.377525330
-8.386167526
-8.396087646
-8.410490036
-8.411451340
-8.451135635
-8.440574646
-8.429693222
-8.395128250
-8.314157486
-8.270950317
-8.269031525
-8.252067566
-8.254949570
-8.247907639
-8.273832321
-8.314796448
-8.373685837
-8.371765137
-8.408569336
-8.410490036
-8.430973053
-8.441534042
-8.445055008
-8.441534042
-8.440895081
-8.425533295
-8.399288177
-8.350961685
-8.306476593
-8.273191452
-8.238306046
-8.208221436
-8.201822281
-8.238946915
-8.285673141
-8.323759079
-8.330160141
-8.329519272
-8.363763809
-8.397369385
-8.411451340
-8.415611267
-8.421691895
-8.426813126
-8.425212860
-8.415931702
-8.381366730
-8.327278137
-8.281192780
-8.249828339
-8.237346649
-8.242467880
-8.262948990
-8.319276810
-8.337200165
-8.318958282
-8.369844437
-8.419771194
-8.430334091
-8.407289505
-8.404729843
-8.418491364
-8.422971725
-8.429052353
-8.428413391
-8.421371460
-8.390007019
-8.362804413
-8.324398041
-8.287273407
-8.253028870
-8.243106842
-8.250787735
-8.268711090
-8.290153503
-8.329198837
-8.383287430
-8.409530640
-8.397369385
-8.423933029
-8.441215515
-8.448575974
-8.439615250
-8.425851822
-8.369844437
-8.346481323
-8.342000961
-8.305835724
-8.235105515
-8.204381943
-8.206621170
-8.228704453
-8.276071548
-8.309036255
-8.340400696
-8.375286102
-8.388088226
-8.408250809
-8.417211533
-8.423612595
-8.426172256
-8.420732498
-8.371765137
-8.342960358
-8.356082916
-8.278951645
-8.245347977
-8.234466553
-8.233825684
-8.239906311
-8.275751114
-8.316396713
-8.341041565
-8.373685837
-8.406969070
-8.426172256
-8.435773849
-8.437374115
-8.437694550
-8.423292160
-8.374645233
-8.299755096
-8.276391983
-8.264230728
-8.233184814
-8.201501846
-8.189979553
-8.210783005
-8.262310028
-8.287914276
-8.291433334
-8.291433334
-8.306476593
-8.352561951
-8.373685837
-8.389047623
-8.411130905
-8.418811798
-8.422332764
-8.419132233
-8.391927719
-8.364084244
-8.343601227
-8.296875000
-8.250148773
-8.235105515
-8.237985611
-8.251108170
-8.283432007
-8.293994904
-8.301355362
-8.339441299
-8.385526657
-8.404409409
-8.412731171
-8.423292160
-8.437374115
-8.439933777
-8.433853149
-8.401208878
-8.362483978
-8.325998306
-8.260068893
-8.212703705
-8.202140808
-8.201822281
-8.218784332
-8.245986938
-8.250148773
-8.275751114
-8.331760406
-8.350961685
-8.354803085
-8.356403351
-8.383605957
-8.407289505
-8.415611267
-8.420091629
-8.419132233
-8.408889771
-8.383287430
-8.324718475
-8.283752441
-8.257829666
-8.243106842
-8.248867035
-8.256549835
-8.269031525
-8.302635193
-8.361524582
-8.387126923
-8.378486633
-8.385526657
-8.419450760
-8.434173584
-8.439294815
-8.436414719
-8.433214188
-8.439615250
-8.434494019
-8.414331436
-8.363122940
-8.306156158
-8.259109497
-8.217823029
-8.202461243
-8.210783005
-8.248548508
-8.295913696
-8.298154831
-8.302635193
-8.332078934
-8.374324799
-8.392568588
-8.392887115
-8.404088974
-8.421371460
-8.425212860
-8.427452087
-8.421691895
-8.406330109
-8.382646561
-8.356723785
-8.321517944
-8.268390656
-8.242467880
-8.240226746
-8.253349304
-8.276391983
-8.309677124
-8.360563278
-8.399929047
-8.413690567
-8.412410736
-8.427772522
-8.439933777
-8.441854477
-8.439615250
-8.413051605
-8.356403351
-8.339120865
-8.293994904
-8.229986191
-8.195739746
-8.195100784
-8.200860977
-8.226465225
-8.259429932
-8.290473938
-8.335920334
-8.360242844
-8.379446030
-8.405050278
-8.414651871
-8.420412064
-8.422332764
-8.415931702
-8.373365402
-8.354803085
-8.353523254
-8.314796448
-8.246307373
-8.235746384
-8.231266022
-8.240867615
-8.271911621
-8.281513214
-8.293674469
-8.316396713
-8.357042313
-8.390327454
-8.409530640
-8.427772522
-8.438014984
-8.436094284
-8.430973053
-8.394168854
-8.357362747
-8.317996979
-8.252708435
-8.202781677
-8.191259384
-8.197021484
-8.219423294
-8.238306046
-8.264869690
-8.296554565
-8.351282120
-8.374965668
-8.386806488
-8.403129578
-8.413051605
-8.417531967
-8.415611267
-8.384887695
-8.351922989
-8.323438644
-8.278951645
-8.240547180
-8.229024887
-8.237985611
-8.263589859
-8.312877655
-8.327598572
-8.318958282
-8.340721130
-8.388088226
-8.407289505
-8.414970398
-8.419771194
-8.432893753
-8.441534042
-8.439294815
-8.428092957
-8.390647888
-8.353841782
-8.306156158
-8.245027542
-8.213983536
-8.204381943
-8.209503174
-8.230304718
-8.237985611
-8.244386673
-8.283752441
-8.327919006
-8.349361420
-8.365364075
-8.393527985
-8.412410736
-8.419450760
-8.421051025
-8.417531967
-8.398328781
-8.370805740
-8.313837051
-8.264869690
-8.239585876
-8.235105515
-8.254629135
-8.279592514
-8.300075531
-8.334640503
-8.387447357
-8.413051605
-8.407609940
-8.412090302
-8.432573318
-8.442174911
-8.439933777
-8.436414719
-8.416570663
-8.375286102
-8.356403351
-8.331760406
-8.268711090
-8.222944260
-8.204381943
-8.201181412
-8.218784332
-8.245986938
-8.291753769
-8.341041565
-8.355762482
-8.376886368
-8.403450012
-8.413051605
-8.419132233
-8.420091629
-8.417211533
-8.396408081
-8.381046295
-8.379125595
-8.331439972
-8.260068893
-8.246307373
-8.242786407
-8.244068146
-8.237346649
-8.241186142
-8.265510559
-8.302314758
-8.339120865
-8.368244171
-8.398649216

