31/07/2020 16:34:44
-8.257509232
-8.249187469
-8.291433334
-8.340721130
-8.372406006
-8.384246826
-8.403450012
-8.417531967
-8.422651291
-8.424251556
-8.418170929
-8.361843109
-8.349040985
-8.356403351
-8.349361420
-8.289514542
-8.243106842
-8.237985611
-8.241827011
-8.273191452
-8.298475266
-8.330478668
-8.382005692
-8.405689240
-8.422012329
-8.431613922
-8.441215515
-8.442815781
-8.429693222
-8.375925064
-8.301675797
-8.277030945
-8.257188797
-8.224544525
-8.199581146
-8.194459915
-8.197021484
-8.226465225
-8.266149521
-8.299755096
-8.333040237
-8.366643906
-8.399929047
-8.410810471
-8.421691895
-8.422971725
-8.420732498
-8.388727188
-8.321197510
-8.294313431
-8.274150848
-8.248548508
-8.249828339
-8.247587204
-8.256549835
-8.296554565
-8.356082916
-8.364723206
-8.354482651
-8.362483978
-8.404729843
-8.426813126
-8.430973053
-8.436414719
-8.437374115
-8.425212860
-8.381687164
-8.317358017
-8.271270752
-8.231586456
-8.207582474
-8.209821701
-8.222944260
-8.271270752
-8.310956955
-8.340080261
-8.343601227
-8.375286102
-8.408569336
-8.418170929
-8.419132233
-8.415931702
-8.421691895
-8.422651291
-8.418491364
-8.393848419
-8.329839706
-8.282793045
-8.254308701
-8.238306046
-8.247907639
-8.270311356
-8.316078186
-8.362483978
-8.382005692
-8.399288177
-8.431934357
-8.437374115
-8.444416046
-8.440254211
-8.433534622
-8.429693222
-8.424892426
-8.407289505
-8.342000961
-8.271270752
-8.251428604
-8.242467880
-8.222623825
-8.209182739
-8.219743729
-8.264230728
-8.301355362
-8.337841034
-8.375606537
-8.400569916
-8.415931702
-8.419132233
-8.423292160
-8.416252136
-8.403129578
-8.386167526
-8.315437317
-8.268070221
-8.249187469
-8.245986938
-8.246307373
-8.252708435
-8.259750366
-8.271270752
-8.299755096
-8.354482651
-8.386167526
-8.407289505
-8.431613922
-8.436733246
-8.438974380
-8.428733826
-8.389688492
-8.359924316
-8.314157486
-8.243747711
-8.210783005
-8.203102112
-8.216863632
-8.244707108
-8.273191452
-8.285032272
-8.324718475
-8.375925064
-8.387126923
-8.400249481
-8.413370132
-8.421691895
-8.422012329
-8.408250809
-8.352882385
-8.302314758
-8.264869690
-8.243747711
-8.244707108
-8.258468628
-8.289514542
-8.348081589
-8.379766464
-8.387126923
-8.405368805
-8.438333511
-8.441854477
-8.438014984
-8.434173584
-8.436094284
-8.434173584
-8.416570663
-8.368885040
-8.295595169
-8.255588531
-8.225503922
-8.209821701
-8.214622498
-8.237026215
-8.286952972
-8.336559296
-8.351282120
-8.373685837
-8.407289505
-8.415611267
-8.418491364
-8.419450760
-8.423933029
-8.419132233
-8.418811798
-8.413051605
-8.369205475
-8.294954300
-8.272871017
-8.251428604
-8.245668411
-8.250467300
-8.277992249
-8.323438644
-8.359283447
-8.386806488
-8.413370132
-8.430652618
-8.442495346
-8.440254211
-8.428413391
-8.388088226
-8.384246826
-8.391607285
-8.356403351
-8.280872345
-8.241186142
-8.232866287
-8.222303391
-8.212383270
-8.227424622
-8.253988266
-8.294954300
-8.341680527
-8.367284775
-8.397687912
-8.408569336
-8.416891098
-8.419450760
-8.403770447
-8.378486633
-8.369205475
-8.324398041
-8.254629135
-8.237026215
-8.241186142
-8.245347977
-8.236705780
-8.246627808
-8.243427277
-8.241506577
-8.273832321
-8.325359344
-8.340400696
-8.355442047
-8.385206223
-8.419450760
-8.431613922
-8.432573318
-8.438333511
-8.427452087
-8.386806488
-8.311595917
-8.265830994
-8.241186142
-8.220703125
-8.197660446
-8.196380615
-8.198301315
-8.227424622
-8.279912949
-8.308076859
-8.320877075
-8.342960358
-8.395448685
-8.396408081
-8.398008347
-8.402170181
-8.413690567
-8.417852402
-8.416891098
-8.393848419
-8.358003616
-8.309036255
-8.257829666
-8.237985611
-8.234785080
-8.259109497
-8.302314758
-8.325359344
-8.327598572
-8.326639175
-8.363122940
-8.406330109
-8.430652618
-8.431293488
-8.430652618
-8.420091629
-8.406009674
-8.369844437
-8.289833069
-8.238946915
-8.213022232
-8.209821701
-8.226785660
-8.258150101
-8.304555893
-8.349681854
-8.362804413
-8.379446030
-8.406969070
-8.413690567
-8.418811798
-8.417852402
-8.417211533
-8.404088974
-8.395448685
-8.381366730
-8.315116882
-8.262630463
-8.244707108
-8.235105515
-8.256868362
-8.288553238
-8.317037582
-8.364084244
-8.397369385
-8.414011002
-8.423612595
-8.432573318
-8.437374115
-8.429693222
-8.394168854
-8.322158813
-8.287273407
-8.261030197
-8.232866287
-8.213983536
-8.197660446
-8.207582474
-8.242467880
-8.293674469
-8.321197510
-8.361204147
-8.382966995
-8.408250809
-8.416252136
-8.419771194
-8.414651871
-8.388406754
-8.327278137
-8.262630463
-8.252388000
-8.242467880
-8.234146118
-8.243747711
-8.230625153
-8.273832321
-8.322158813
-8.363443375
-8.382646561
-8.386487961
-8.399608612
-8.429052353
-8.435773849
-8.433853149
-8.435132980
-8.432893753
-8.435453415
-8.423933029
-8.374006271
-8.312557220
-8.277992249
-8.236385345
-8.263589859
-8.281831741
-8.339441299
-8.352882385
-8.380086899
-8.391927719
-8.413051605
-8.413370132
-8.418170929
-8.418491364
-8.426813126
-8.429372787
-8.428413391
-8.410490036
-8.369844437
-8.311277390
-8.299114227
-8.322797775
-8.357042313
-8.371124268
-8.348081589
-8.304876328
-8.301355362
-8.343280792
-8.389368057
-8.419450760
-8.372085571
-8.308715820
-8.235746384
-8.227424622
-8.222944260
-8.239585876
-8.262630463
-8.319917679
-8.374965668
-8.393848419
-8.308076859
-8.259109497
-8.235105515
-8.239906311
-8.272550583
-8.302314758
-8.349681854
-8.380725861
-8.414651871
-8.425533295
-8.429693222
-8.424892426
-8.422332764
-8.410169601
-8.407609940
-8.358963013
-8.281192780
-8.281513214
-8.235425949
-8.237985611
-8.224864960
-8.259429932
-8.335279465
-8.367923737
-8.361843109
-8.315757751
-8.299755096
-8.327278137
-8.356403351
-8.363763809
-8.345201492
-8.324077606
-8.316717148
-8.319597244
-8.317678452
-8.316717148
-8.334640503
-8.356082916
-8.373365402
-8.354162216
-8.298154831
-8.284072876
-8.350961685
-8.424892426
-8.424571991
-8.427452087
-8.424892426
-8.405368805
-8.356082916
-8.285673141
-8.238626480
-8.209821701
-8.193820953
-8.191259384
-8.199260712
-8.252067566
-8.318637848
-8.365364075
-8.375286102
-8.376565933
-8.391286850
-8.401849747
-8.407609940
-8.411130905
-8.406330109
-8.397369385
-8.375286102
-8.306156158
-8.252708435
-8.243747711
-8.234466553
-8.234466553
-8.261030197
-8.302635193
-8.356723785
-8.392248154
-8.399608612
-8.411769867
-8.418170929
-8.433853149
-8.436414719
-8.430973053
-8.425851822
-8.407930374
-8.405689240
-8.389688492
-8.322158813
-8.257829666
-8.241506577
-8.239906311
-8.217184067
-8.200222015
-8.182939529
-8.190620422
-8.193820953
-8.199581146
-8.206941605
-8.234466553
-8.329519272
-8.349040985
-8.356082916
-8.358642578
-8.355442047
-8.318317413
-8.304555893
-8.328559875
-8.357042313
-8.362804413
-8.341680527
-8.317358017
-8.304876328
-8.310636520
-8.349361420
-8.377845764
-8.341360092
-8.282152176
-8.309677124
-8.371765137
-8.402170181
-8.363122940
-8.283113480
-8.226465225
-8.203102112
-8.232225418
-8.284072876
-8.340400696
-8.393848419
-8.408250809
-8.394168854
-8.410490036
-8.434494019
-8.440574646
-8.439615250
-8.442174911
-8.431934357
-8.421051025
-8.387767792
-8.360883713
-8.343280792
-8.301034927
-8.253349304
-8.208541870
-8.200540543
-8.202461243
-8.233825684
-8.307435989
-8.325677872
-8.306476593
-8.352882385
-8.406969070
-8.416252136
-8.380725861
-8.402488708
-8.406009674
-8.415611267
-8.422332764
-8.420412064
-8.418170929
-8.413370132
-8.387767792
-8.329519272
-8.280872345
-8.232225418
-8.237667084
-8.247268677
-8.291753769
-8.353202820
-8.394807816
-8.422012329
-8.412410736
-8.413690567
-8.422971725
-8.406969070
-8.374645233
-8.339441299
-8.260389328
-8.220384598
-8.208541870
-8.213342667
-8.244707108
-8.264230728
-8.293674469
-8.366323471
-8.400888443
-8.359283447
-8.271591187
-8.258789062
-8.230945587
-8.239267349
-8.234146118
-8.231586456
-8.246307373
-8.277671814
-8.288553238
-8.244068146
-8.282793045
-8.334640503
-8.386167526
-8.385526657
-8.322477341
-8.283113480
-8.342000961
-8.424251556

