31/07/2020 16:34:31
-8.230625153
-8.194780350
-8.198301315
-8.218463898
-8.221664429
-8.262948990
-8.282793045
-8.335279465
-8.369844437
-8.388727188
-8.401529312
-8.412410736
-8.418491364
-8.420091629
-8.415611267
-8.389688492
-8.332078934
-8.237026215
-8.210462570
-8.194139481
-8.202140808
-8.234146118
-8.284713745
-8.335599899
-8.361843109
-8.395769119
-8.406330109
-8.415290833
-8.416891098
-8.417211533
-8.415931702
-8.419771194
-8.416252136
-8.384567261
-8.339441299
-8.308715820
-8.254308701
-8.238946915
-8.234146118
-8.256868362
-8.304555893
-8.297513962
-8.350002289
-8.384567261
-8.410490036
-8.431613922
-8.431293488
-8.432252884
-8.432893753
-8.431934357
-8.429052353
-8.387767792
-8.318637848
-8.284072876
-8.266790390
-8.230945587
-8.195100784
-8.192539215
-8.201501846
-8.221664429
-8.255908966
-8.282472610
-8.329839706
-8.378805161
-8.396087646
-8.414331436
-8.420412064
-8.421051025
-8.421051025
-8.410810471
-8.350002289
-8.307756424
-8.306156158
-8.297513962
-8.252067566
-8.235425949
-8.234785080
-8.242147446
-8.276712418
-8.311277390
-8.333360672
-8.370485306
-8.404729843
-8.421371460
-8.429372787
-8.434814453
-8.446655273
-8.446655273
-8.435132980
-8.387767792
-8.308395386
-8.237346649
-8.213983536
-8.221664429
-8.221023560
-8.228065491
-8.280231476
-8.315116882
-8.332719803
-8.351602554
-8.379766464
-8.409851074
-8.417211533
-8.422651291
-8.422651291
-8.415290833
-8.380725861
-8.303596497
-8.283432007
-8.277030945
-8.259109497
-8.242786407
-8.233505249
-8.231266022
-8.246307373
-8.271270752
-8.284072876
-8.268390656
-8.326639175
-8.367605209
-8.405689240
-8.420412064
-8.429052353
-8.434173584
-8.444095612
-8.443454742
-8.433214188
-8.404088974
-8.363763809
-8.307435989
-8.239906311
-8.210142136
-8.205661774
-8.252388000
-8.293354034
-8.298795700
-8.308076859
-8.339759827
-8.396087646
-8.430652618
-8.433853149
-8.430334091
-8.433534622
-8.419132233
-8.395128250
-8.332078934
-8.272232056
-8.237985611
-8.242467880
-8.253349304
-8.271270752
-8.311916351
-8.365043640
-8.382005692
-8.392248154
-8.417852402
-8.441215515
-8.450815201
-8.446975708
-8.440574646
-8.436094284
-8.435132980
-8.428092957
-8.383605957
-8.323759079
-8.274150848
-8.259109497
-8.236066818
-8.213663101
-8.212703705
-8.260389328
-8.289833069
-8.324077606
-8.353202820
-8.382966995
-8.408569336
-8.417531967
-8.421691895
-8.425851822
-8.429693222
-8.430652618
-8.425212860
-8.377525330
-8.333040237
-8.273511887
-8.255268097
-8.248548508
-8.247268677
-8.277992249
-8.314477921
-8.371124268
-8.385206223
-8.398969650
-8.423612595
-8.440574646
-8.446016312
-8.446655273
-8.428092957
-8.388406754
-8.375606537
-8.325359344
-8.268711090
-8.247268677
-8.237667084
-8.232866287
-8.276391983
-8.245668411
-8.281192780
-8.379125595
-8.380086899
-8.415931702
-8.417852402
-8.423612595
-8.431613922
-8.436733246
-8.434494019
-8.432893753
-8.435132980
-8.428413391
-8.385206223
-8.361204147
-8.359924316
-8.341041565
-8.243106842
-8.236066818
-8.243106842
-8.247907639
-8.264230728
-8.298475266
-8.321197510
-8.341041565
-8.364404678
-8.403129578
-8.417852402
-8.437053680
-8.453056335
-8.459457397
-8.439933777
-8.432893753
-8.411130905
-8.353202820
-8.306156158
-8.256229401
-8.244707108
-8.254308701
-8.272871017
-8.309036255
-8.332719803
-8.338479996
-8.388088226
-8.398008347
-8.402809143
-8.423292160
-8.420732498
-8.427452087
-8.430013657
-8.428733826
-8.420412064
-8.394807816
-8.347122192
-8.321197510
-8.287914276
-8.340400696
-8.387767792
-8.420732498
-8.434814453
-8.436094284
-8.446016312
-8.447616577
-8.439294815
-8.409851074
-8.317996979
-8.270950317
-8.260389328
-8.250787735
-8.242467880
-8.275432587
-8.294313431
-8.332399368
-8.370164871
-8.405050278
-8.414011002
-8.424571991
-8.426813126
-8.426172256
-8.427772522
-8.428733826
-8.436733246
-8.410810471
-8.354482651
-8.267749786
-8.257509232
-8.204702377
-8.239585876
-8.340080261
-8.373044968
-8.373044968
-8.393848419
-8.442174911
-8.447296143
-8.439615250
-8.438014984
-8.399608612
-8.395128250
-8.382646561
-8.358324051
-8.317678452
-8.271911621
-8.255268097
-8.252067566
-8.263269424
-8.275432587
-8.278631210
-8.307435989
-8.331760406
-8.385847092
-8.396728516
-8.442495346
-8.446016312
-8.447296143
-8.433214188
-8.418491364
-8.378486633
-8.299114227
-8.268070221
-8.219102859
-8.237346649
-8.267749786
-8.325038910
-8.357042313
-8.369205475
-8.380086899
-8.409530640
-8.438014984
-8.439615250
-8.440254211
-8.437374115
-8.427452087
-8.357683182
-8.295595169
-8.257509232
-8.270311356
-8.250467300
-8.268070221
-8.317996979
-8.358324051
-8.388406754
-8.410810471
-8.433214188
-8.450815201
-8.458498001
-8.452735901
-8.460098267
-8.457216263
-8.451456070
-8.421371460
-8.372406006
-8.360563278
-8.296554565
-8.269670486
-8.264869690
-8.300714493
-8.353202820
-8.376886368
-8.397048950
-8.413370132
-8.432573318
-8.433214188
-8.434494019
-8.426813126
-8.392887115
-8.326959610
-8.293674469
-8.240226746
-8.221984863
-8.235105515
-8.282152176
-8.391286850
-8.418170929
-8.425212860
-8.442815781
-8.444734573
-8.440895081
-8.428413391
-8.404409409
-8.379446030
-8.343280792
-8.283432007
-8.242786407
-8.249828339
-8.255588531
-8.280872345
-8.309356689
-8.331439972
-8.380086899
-8.416570663
-8.413370132
-8.432573318
-8.431293488
-8.432573318
-8.436733246
-8.406969070
-8.334640503
-8.301034927
-8.287273407
-8.224864960
-8.215583801
-8.202140808
-8.238306046
-8.238946915
-8.275112152
-8.310956955
-8.348722458
-8.370164871
-8.403129578
-8.419132233
-8.428413391
-8.435453415
-8.432893753
-8.441534042
-8.405689240
-8.367284775
-8.345521927
-8.277030945
-8.267749786
-8.266149521
-8.254949570
-8.314157486
-8.330160141
-8.362163544
-8.396728516
-8.415931702
-8.444734573
-8.438974380
-8.437053680
-8.433214188
-8.427133560
-8.403770447
-8.360883713
-8.298154831
-8.285352707
-8.247587204
-8.294954300
-8.343280792
-8.364084244
-8.413690567
-8.417531967
-8.429372787
-8.454977036
-8.431293488
-8.402170181
-8.328239441
-8.294313431
-8.247587204
-8.240226746
-8.245668411
-8.304235458
-8.326639175
-8.350322723
-8.380086899
-8.415931702
-8.430013657
-8.444416046
-8.452096939
-8.454015732
-8.450815201
-8.419450760
-8.355123520
-8.323759079
-8.331439972
-8.260068893
-8.217823029
-8.207902908
-8.197980881
-8.227424622
-8.322477341
-8.324398041
-8.337841034
-8.353841782
-8.387126923
-8.408569336
-8.416891098
-8.429372787
-8.434173584
-8.435453415
-8.418491364
-8.370485306
-8.342960358
-8.319917679
-8.305194855
-8.266790390
-8.242147446
-8.246948242
-8.258150101
-8.279592514
-8.278312683
-8.332399368
-8.366323471
-8.418491364
-8.409530640
-8.433214188
-8.448575974
-8.451135635
-8.449214935
-8.424251556
-8.370164871
-8.316717148
-8.266149521
-8.226465225
-8.212062836
-8.214622498
-8.241186142
-8.284072876
-8.317996979
-8.330799103
-8.370164871
-8.404729843
-8.417852402
-8.421691895
-8.423933029
-8.430652618
-8.432893753
-8.430013657
-8.396408081
-8.336559296
-8.301675797
-8.271591187
-8.246948242
-8.248548508
-8.258789062
-8.292394638
-8.342641830
-8.358963013
-8.367923737
-8.401529312
-8.434173584
-8.446334839
-8.445375443
-8.444734573
-8.453376770
-8.451776505
-8.444734573
-8.409210205
-8.352561951
-8.319917679
-8.284072876
-8.239267349
-8.214942932
-8.220064163
-8.260389328
-8.296554565
-8.317358017
-8.351922989
-8.390327454
-8.413370132
-8.414651871
-8.424251556
-8.433214188
-8.436414719
-8.438653946
-8.434814453
-8.416252136
-8.374324799
-8.351282120
-8.331119537
-8.285352707
-8.251428604
-8.251749039
-8.262630463
-8.296554565
-8.327278137
-8.363763809
-8.412090302
-8.429052353
-8.431934357
-8.440574646
-8.452096939
-8.458177567
-8.460416794
-8.448255539
-8.414011002
-8.378486633
-8.372406006
-8.343280792
-8.273832321
-8.227745056
-8.216222763
-8.222623825
-8.247268677
-8.271591187
-8.312877655
-8.348402023
-8.379766464
-8.404729843
-8.423933029
-8.432573318
-8.436094284
-8.434494019
-8.410169601
-8.386167526

