31/07/2020 16:34:03
-8.440895081
-8.461378098
-8.462337494
-8.450176239
-8.406969070
-8.374324799
-8.378166199
-8.360242844
-8.290473938
-8.278951645
-8.263589859
-8.267749786
-8.284713745
-8.246948242
-8.266790390
-8.296554565
-8.340721130
-8.379125595
-8.386167526
-8.406330109
-8.424571991
-8.429052353
-8.436094284
-8.437053680
-8.437694550
-8.433534622
-8.402170181
-8.328878403
-8.308076859
-8.254308701
-8.239906311
-8.233825684
-8.237985611
-8.253028870
-8.285352707
-8.340721130
-8.368885040
-8.413051605
-8.427133560
-8.434494019
-8.435453415
-8.437053680
-8.413690567
-8.367923737
-8.319276810
-8.272232056
-8.252708435
-8.248867035
-8.253349304
-8.281192780
-8.307756424
-8.320238113
-8.349681854
-8.414331436
-8.397687912
-8.439294815
-8.465217590
-8.459777832
-8.469379425
-8.457216263
-8.412090302
-8.342000961
-8.281513214
-8.246307373
-8.229665756
-8.225503922
-8.245027542
-8.256868362
-8.282472610
-8.274150848
-8.288232803
-8.288873672
-8.313837051
-8.339759827
-8.323759079
-8.380405426
-8.408569336
-8.350961685
-8.255268097
-8.247268677
-8.242467880
-8.261350632
-8.277351379
-8.343601227
-8.388088226
-8.426492691
-8.429052353
-8.432252884
-8.435132980
-8.447935104
-8.459136963
-8.454656601
-8.458816528
-8.459457397
-8.453376770
-8.447616577
-8.443775177
-8.402170181
-8.321517944
-8.277351379
-8.260389328
-8.236066818
-8.237667084
-8.241186142
-8.261669159
-8.287273407
-8.315757751
-8.320238113
-8.343921661
-8.370164871
-8.381366730
-8.426492691
-8.429693222
-8.438333511
-8.431613922
-8.450496674
-8.420732498
-8.380086899
-8.367284775
-8.317996979
-8.264549255
-8.216863632
-8.209821701
-8.221984863
-8.274791718
-8.309995651
-8.350641251
-8.376886368
-8.410810471
-8.407609940
-8.441534042
-8.427772522
-8.409530640
-8.364084244
-8.265190125
-8.231266022
-8.255908966
-8.261989594
-8.297834396
-8.283113480
-8.292074203
-8.310316086
-8.363122940
-8.387767792
-8.414011002
-8.437053680
-8.454977036
-8.421371460
-8.369844437
-8.352561951
-8.338800430
-8.317358017
-8.294313431
-8.270631790
-8.267110825
-8.291112900
-8.352882385
-8.371765137
-8.377845764
-8.394807816
-8.428733826
-8.437053680
-8.451776505
-8.449535370
-8.419132233
-8.401529312
-8.389047623
-8.308076859
-8.256868362
-8.251428604
-8.249828339
-8.285993576
-8.328559875
-8.355123520
-8.394807816
-8.427452087
-8.445375443
-8.455615997
-8.454015732
-8.455615997
-8.451135635
-8.402809143
-8.314796448
-8.325359344
-8.297513962
-8.253028870
-8.236066818
-8.246307373
-8.275432587
-8.351282120
-8.424251556
-8.433534622
-8.443454742
-8.440254211
-8.440574646
-8.438653946
-8.424892426
-8.377525330
-8.303596497
-8.279912949
-8.246307373
-8.221023560
-8.240547180
-8.268070221
-8.300395966
-8.310636520
-8.335279465
-8.388088226
-8.402809143
-8.405689240
-8.446975708
-8.457216263
-8.472579956
-8.475780487
-8.458177567
-8.421691895
-8.340400696
-8.263269424
-8.243747711
-8.229345322
-8.230625153
-8.248228073
-8.289514542
-8.314796448
-8.332399368
-8.374645233
-8.431934357
-8.458498001
-8.455297470
-8.423612595
-8.391286850
-8.367284775
-8.292713165
-8.254629135
-8.229024887
-8.229345322
-8.269670486
-8.324718475
-8.364084244
-8.403770447
-8.420412064
-8.416891098
-8.451776505
-8.447296143
-8.442174911
-8.438014984
-8.420732498
-8.354162216
-8.307115555
-8.276391983
-8.230304718
-8.302314758
-8.283432007
-8.318637848
-8.378805161
-8.408250809
-8.420732498
-8.416570663
-8.455297470
-8.447935104
-8.434173584
-8.394168854
-8.323759079
-8.273832321
-8.256868362
-8.266790390
-8.291112900
-8.304555893
-8.347122192
-8.390647888
-8.412410736
-8.425533295
-8.450496674
-8.452735901
-8.461057663
-8.461698532
-8.456897736
-8.459457397
-8.466178894
-8.457857132
-8.438333511
-8.378166199
-8.318958282
-8.286952972
-8.239267349
-8.229665756
-8.227104187
-8.251108170
-8.273191452
-8.295274734
-8.316396713
-8.360242844
-8.395448685
-8.408569336
-8.420412064
-8.432573318
-8.443775177
-8.449535370
-8.443454742
-8.404088974
-8.385206223
-8.388088226
-8.337520599
-8.278312683
-8.259750366
-8.257829666
-8.263269424
-8.296234131
-8.337841034
-8.364723206
-8.403770447
-8.427133560
-8.441534042
-8.452415466
-8.458498001
-8.462657928
-8.460416794
-8.433853149
-8.365364075
-8.335599899
-8.326959610
-8.271911621
-8.225503922
-8.213983536
-8.235425949
-8.261669159
-8.318958282
-8.335920334
-8.352561951
-8.378486633
-8.417852402
-8.429693222
-8.438014984
-8.442495346
-8.442495346
-8.426172256
-8.368564606
-8.313516617
-8.292394638
-8.267749786
-8.264549255
-8.262630463
-8.253028870
-8.292074203
-8.346481323
-8.371444702
-8.370805740
-8.376245499
-8.413370132
-8.448896408
-8.454015732
-8.455615997
-8.457536697
-8.457857132
-8.447935104
-8.416570663
-8.362483978
-8.311277390
-8.266790390
-8.229665756
-8.219423294
-8.231586456
-8.276071548
-8.311916351
-8.317358017
-8.349040985
-8.398649216
-8.414651871
-8.425851822
-8.426813126
-8.428733826
-8.439294815
-8.443134308
-8.445055008
-8.435132980
-8.389047623
-8.349361420
-8.310636520
-8.269350052
-8.258150101
-8.261030197
-8.289833069
-8.332719803
-8.354162216
-8.381366730
-8.422012329
-8.445055008
-8.455615997
-8.451456070
-8.454656601
-8.458816528
-8.457536697
-8.446975708
-8.398649216
-8.334320068
-8.297513962
-8.264230728
-8.230625153
-8.221664429
-8.238946915
-8.286952972
-8.326639175
-8.352241516
-8.381687164
-8.414011002
-8.425212860
-8.428413391
-8.433853149
-8.435453415
-8.436094284
-8.433853149
-8.406009674
-8.333679199
-8.309677124
-8.308076859
-8.285032272
-8.252388000
-8.248228073
-8.254949570
-8.277992249
-8.318317413
-8.342321396
-8.374006271
-8.415931702
-8.433534622
-8.441215515
-8.447296143
-8.451456070
-8.450496674
-8.437374115
-8.386487961
-8.316396713
-8.304555893
-8.307115555
-8.273832321
-8.225824356
-8.208221436
-8.208862305
-8.232866287
-8.271270752
-8.299755096
-8.328559875
-8.358324051
-8.393207550
-8.408889771
-8.425533295
-8.430652618
-8.433534622
-8.425851822
-8.374324799
-8.338479996
-8.327598572
-8.293354034
-8.253667831
-8.240547180
-8.238946915
-8.251108170
-8.276712418
-8.312877655
-8.318317413
-8.322797775
-8.368885040
-8.413690567
-8.425533295
-8.438333511
-8.444416046
-8.449214935
-8.442174911
-8.405689240
-8.358642578
-8.317996979
-8.259429932
-8.214622498
-8.201181412
-8.205661774
-8.232545853
-8.273832321
-8.281192780
-8.287273407
-8.349681854
-8.357683182
-8.372085571
-8.378486633
-8.393848419
-8.416570663
-8.425212860
-8.428413391
-8.426813126
-8.422012329
-8.399929047
-8.353202820
-8.291433334
-8.261030197
-8.247268677
-8.253349304
-8.271911621
-8.280231476
-8.307435989
-8.361524582
-8.398969650
-8.408569336
-8.402809143
-8.422651291
-8.445695877
-8.451135635
-8.449855804
-8.442495346
-8.437374115
-8.423933029
-8.403770447
-8.361843109
-8.298475266
-8.250148773
-8.219743729
-8.212703705
-8.237985611
-8.287273407
-8.330799103
-8.353523254
-8.357042313
-8.387126923
-8.408569336
-8.420732498
-8.422971725
-8.422971725
-8.422971725
-8.422651291
-8.428413391
-8.424251556
-8.394168854
-8.333999634
-8.300075531
-8.268070221
-8.246307373
-8.237985611
-8.253028870
-8.287273407
-8.322477341
-8.350641251
-8.379125595
-8.415290833
-8.434173584
-8.435773849
-8.436094284
-8.435453415
-8.431934357
-8.434494019
-8.411451340
-8.345842361
-8.299755096
-8.287914276
-8.255588531
-8.212383270
-8.197340012
-8.202461243
-8.224864960
-8.271270752
-8.294954300
-8.329198837
-8.378486633
-8.389368057
-8.400249481
-8.408569336
-8.420091629
-8.424571991
-8.426172256
-8.420732498
-8.390007019
-8.367284775
-8.359283447
-8.309995651
-8.254629135
-8.239585876
-8.235746384
-8.246307373
-8.271270752
-8.291112900
-8.323118210
-8.366643906
-8.398969650
-8.417531967
-8.424892426
-8.440895081
-8.444095612
-8.439615250
-8.414011002
-8.362163544
-8.337841034
-8.301996231
-8.237667084
-8.201181412
-8.195100784
-8.204702377
-8.232866287
-8.260709763
-8.276071548
-8.291753769
-8.336240768
-8.366643906
-8.386806488

