31/07/2020 16:34:51
-8.460098267
-8.450176239
-8.487941742
-8.497543335
-8.512584686
-8.514184952
-8.511625290
-8.513225555
-8.513544083
-8.502344131
-8.440574646
-8.430334091
-8.421371460
-8.383605957
-8.333999634
-8.327598572
-8.323759079
-8.314796448
-8.311595917
-8.330160141
-8.356723785
-8.401849747
-8.444734573
-8.477060318
-8.495622635
-8.508424759
-8.515785217
-8.516105652
-8.497543335
-8.454977036
-8.426492691
-8.397048950
-8.346801758
-8.333040237
-8.329519272
-8.342321396
-8.384246826
-8.424892426
-8.442815781
-8.460416794
-8.498823166
-8.524106979
-8.529546738
-8.529867172
-8.536268234
-8.529226303
-8.500423431
-8.435453415
-8.406330109
-8.404088974
-8.353202820
-8.341041565
-8.332078934
-8.340400696
-8.374006271
-8.432573318
-8.446655273
-8.459777832
-8.495302200
-8.532108307
-8.532426834
-8.530508041
-8.527626038
-8.530508041
-8.537227631
-8.534347534
-8.521865845
-8.452415466
-8.424892426
-8.375606537
-8.339120865
-8.334640503
-8.338159561
-8.348722458
-8.388727188
-8.414651871
-8.446975708
-8.476419449
-8.496261597
-8.504903793
-8.508104324
-8.485700607
-8.421051025
-8.354162216
-8.331119537
-8.361204147
-8.391607285
-8.428733826
-8.443454742
-8.462978363
-8.465858459
-8.480579376
-8.490821838
-8.504903793
-8.514825821
-8.516426086
-8.514184952
-8.498182297
-8.425533295
-8.410810471
-8.447935104
-8.373685837
-8.390968323
-8.442815781
-8.447296143
-8.496902466
-8.502662659
-8.503623962
-8.511304855
-8.531787872
-8.531147003
-8.529867172
-8.517705917
-8.483461380
-8.438333511
-8.406969070
-8.342000961
-8.298475266
-8.290473938
-8.309677124
-8.344560623
-8.410810471
-8.404409409
-8.454977036
-8.499462128
-8.514505386
-8.517065048
-8.515464783
-8.508743286
-8.451776505
-8.446655273
-8.429693222
-8.415931702
-8.409851074
-8.405689240
-8.408569336
-8.417531967
-8.438014984
-8.459457397
-8.452415466
-8.390647888
-8.358642578
-8.419771194
-8.429052353
-8.436414719
-8.470659256
-8.470979691
-8.490501404
-8.494661331
-8.501062393
-8.520586014
-8.494661331
-8.429372787
-8.386167526
-8.329198837
-8.310956955
-8.306795120
-8.323118210
-8.332078934
-8.338159561
-8.372406006
-8.422012329
-8.450176239
-8.461378098
-8.483461380
-8.481861115
-8.488901138
-8.491142273
-8.484741211
-8.431934357
-8.408889771
-8.396728516
-8.303276062
-8.301355362
-8.298795700
-8.294633865
-8.301675797
-8.331439972
-8.352882385
-8.395448685
-8.441215515
-8.470659256
-8.490180969
-8.489542007
-8.494981766
-8.498823166
-8.486341476
-8.438014984
-8.376565933
-8.316396713
-8.281192780
-8.315437317
-8.337520599
-8.345842361
-8.387447357
-8.429372787
-8.459136963
-8.474180222
-8.480260849
-8.492101669
-8.493381500
-8.490821838
-8.468418121
-8.418170929
-8.358324051
-8.315116882
-8.290153503
-8.299755096
-8.292394638
-8.317037582
-8.358003616
-8.397687912
-8.438974380
-8.465538025
-8.464258194
-8.476739883
-8.467458725
-8.430334091
-8.404409409
-8.340721130
-8.295913696
-8.269031525
-8.269350052
-8.285032272
-8.321838379
-8.349681854
-8.374965668
-8.413370132
-8.474498749
-8.466817856
-8.466497421
-8.454977036
-8.422971725
-8.364723206
-8.292394638
-8.280551910
-8.281513214
-8.278951645
-8.311595917
-8.332078934
-8.357042313
-8.413690567
-8.447616577
-8.460737228
-8.465217590
-8.477378845
-8.470338821
-8.449214935
-8.389688492
-8.340400696
-8.293994904
-8.259109497
-8.264230728
-8.260389328
-8.276712418
-8.330799103
-8.351602554
-8.396408081
-8.408250809
-8.442495346
-8.433214188
-8.445375443
-8.389688492
-8.357362747
-8.325677872
-8.241506577
-8.232866287
-8.213342667
-8.215583801
-8.233505249
-8.265830994
-8.291433334
-8.324718475
-8.360242844
-8.387447357
-8.423612595
-8.433214188
-8.433853149
-8.432252884
-8.438333511
-8.397687912
-8.330799103
-8.291112900
-8.292394638
-8.231586456
-8.248867035
-8.260709763
-8.269670486
-8.292394638
-8.339759827
-8.393207550
-8.400888443
-8.419450760
-8.427452087
-8.419771194
-8.368564606
-8.321838379
-8.283113480
-8.250148773
-8.259429932
-8.256868362
-8.271591187
-8.322158813
-8.373685837
-8.375606537
-8.372085571
-8.383926392
-8.430013657
-8.441854477
-8.442174911
-8.444095612
-8.446016312
-8.421051025
-8.368885040
-8.347442627
-8.315437317
-8.263589859
-8.219743729
-8.206621170
-8.207262039
-8.234466553
-8.339120865
-8.393207550
-8.402809143
-8.408569336
-8.437374115
-8.446016312
-8.425851822
-8.420412064
-8.423612595
-8.367605209
-8.293033600
-8.251108170
-8.260389328
-8.226465225
-8.230304718
-8.250467300
-8.280551910
-8.308715820
-8.341360092
-8.409851074
-8.448255539
-8.435453415
-8.403770447
-8.391927719
-8.360242844
-8.284393311
-8.235746384
-8.215904236
-8.224544525
-8.262948990
-8.285993576
-8.299755096
-8.351282120
-8.370485306
-8.383605957
-8.397048950
-8.417531967
-8.425851822
-8.432893753
-8.435132980
-8.398008347
-8.285993576
-8.272550583
-8.252708435
-8.261350632
-8.282793045
-8.320877075
-8.381687164
-8.391927719
-8.401849747
-8.411769867
-8.437374115
-8.452415466
-8.450815201
-8.446016312
-8.439294815
-8.419771194
-8.375606537
-8.304235458
-8.247587204
-8.232225418
-8.232225418
-8.252067566
-8.341680527
-8.383926392
-8.437053680
-8.433853149
-8.452096939
-8.463296890
-8.457536697
-8.451456070
-8.445695877
-8.378486633
-8.293354034
-8.287273407
-8.293994904
-8.283752441
-8.266149521
-8.282472610
-8.317358017
-8.361204147
-8.398649216
-8.432893753
-8.437694550
-8.446334839
-8.449214935
-8.438014984
-8.381046295
-8.392887115
-8.376245499
-8.308395386
-8.293994904
-8.286952972
-8.280231476
-8.268390656
-8.265830994
-8.261669159
-8.305515289
-8.346801758
-8.406969070
-8.423612595
-8.435453415
-8.446334839
-8.462337494
-8.465217590
-8.463296890
-8.441215515
-8.422332764
-8.399608612
-8.356723785
-8.287593842
-8.258789062
-8.244386673
-8.251108170
-8.257188797
-8.304555893
-8.338479996
-8.399929047
-8.405689240
-8.431613922
-8.446655273
-8.459457397
-8.460737228
-8.460737228
-8.458177567
-8.441215515
-8.399608612
-8.342321396
-8.293674469
-8.281192780
-8.282152176
-8.307756424
-8.340400696
-8.358963013
-8.392568588
-8.446334839
-8.454336166
-8.448255539
-8.463617325
-8.480260849
-8.485061646
-8.487621307
-8.486341476
-8.466497421
-8.417852402
-8.377525330
-8.328559875
-8.272232056
-8.253349304
-8.267110825
-8.312236786
-8.350641251
-8.396087646
-8.430013657
-8.454656601
-8.462978363
-8.467138290
-8.471618652
-8.468738556
-8.470659256
-8.464897156
-8.413690567
-8.359924316
-8.330799103
-8.312877655
-8.296234131
-8.301996231
-8.322477341
-8.358003616
-8.416570663
-8.446975708
-8.462657928
-8.486341476
-8.496582031
-8.496902466
-8.488901138
-8.444095612
-8.402488708
-8.354482651
-8.294954300
-8.265510559
-8.262310028
-8.294954300
-8.339441299
-8.374324799
-8.399929047
-8.438333511
-8.467458725
-8.476419449
-8.483140945
-8.487300873
-8.479940414
-8.454977036
-8.399288177
-8.338800430
-8.315757751
-8.311277390
-8.336879730
-8.365684509
-8.394487381
-8.443134308
-8.482500076
-8.501703262
-8.503944397
-8.507463455
-8.517705917
-8.520265579
-8.519306183
-8.499782562
-8.443134308
-8.403450012
-8.367923737
-8.318958282
-8.285993576
-8.292713165
-8.333040237
-8.370485306
-8.408250809
-8.446016312
-8.478019714
-8.495622635
-8.501703262
-8.507783890
-8.501062393
-8.489542007
-8.471618652
-8.405050278
-8.355762482
-8.333360672
-8.327919006
-8.343921661
-8.372724533
-8.406969070
-8.442495346
-8.484420776
-8.513864517
-8.520265579
-8.530826569
-8.529546738
-8.514184952
-8.460737228
-8.392887115
-8.359283447
-8.329198837
-8.312877655
-8.316078186
-8.317996979
-8.350002289
-8.419771194
-8.448896408
-8.465217590
-8.485380173
-8.514825821
-8.515464783
-8.519626617
-8.517705917
-8.499462128
-8.480579376
-8.440254211
-8.381366730
-8.349681854
-8.338479996
-8.354803085
-8.386487961
-8.407609940
-8.441215515
-8.495302200
-8.511943817
-8.514505386
-8.511625290
-8.528587341
-8.539789200
-8.543949127
-8.536907196
-8.497543335
-8.433853149
-8.396728516
-8.351922989
-8.313837051

