31/07/2020 16:34:37
-8.375286102
-8.381366730
-8.410810471
-8.414011002
-8.418170929
-8.402809143
-8.406009674
-8.353202820
-8.312236786
-8.288553238
-8.245986938
-8.254949570
-8.241827011
-8.294633865
-8.353523254
-8.394168854
-8.406650543
-8.417211533
-8.432252884
-8.444416046
-8.443775177
-8.439294815
-8.433853149
-8.412410736
-8.374645233
-8.321838379
-8.247907639
-8.211103439
-8.207262039
-8.222623825
-8.230625153
-8.319597244
-8.358324051
-8.377204895
-8.388406754
-8.420412064
-8.418491364
-8.424892426
-8.425533295
-8.428733826
-8.377845764
-8.338479996
-8.297834396
-8.234146118
-8.229986191
-8.232866287
-8.237985611
-8.238306046
-8.261030197
-8.287593842
-8.290473938
-8.315757751
-8.354162216
-8.364723206
-8.390327454
-8.396087646
-8.445375443
-8.449535370
-8.406969070
-8.330478668
-8.284713745
-8.254949570
-8.222944260
-8.249187469
-8.308076859
-8.342000961
-8.392248154
-8.416891098
-8.396728516
-8.439933777
-8.442174911
-8.440574646
-8.430652618
-8.413370132
-8.396728516
-8.376886368
-8.323759079
-8.269031525
-8.255588531
-8.217823029
-8.209182739
-8.237985611
-8.254949570
-8.285993576
-8.351602554
-8.377525330
-8.390968323
-8.403450012
-8.412410736
-8.423612595
-8.424571991
-8.415611267
-8.378166199
-8.338159561
-8.237346649
-8.236385345
-8.241186142
-8.244386673
-8.255908966
-8.287273407
-8.282472610
-8.342321396
-8.392887115
-8.418811798
-8.420732498
-8.423292160
-8.421691895
-8.434494019
-8.418811798
-8.384887695
-8.333040237
-8.270631790
-8.236705780
-8.209503174
-8.205341339
-8.218784332
-8.262948990
-8.302635193
-8.339759827
-8.368564606
-8.391927719
-8.426172256
-8.426813126
-8.420732498
-8.360242844
-8.246948242
-8.199901581
-8.213663101
-8.233184814
-8.251108170
-8.288873672
-8.342321396
-8.361204147
-8.357362747
-8.419132233
-8.422012329
-8.420732498
-8.406330109
-8.381687164
-8.318958282
-8.245347977
-8.231266022
-8.224544525
-8.218463898
-8.226144791
-8.245347977
-8.293994904
-8.305835724
-8.309995651
-8.374324799
-8.380725861
-8.363443375
-8.415290833
-8.417852402
-8.425851822
-8.426813126
-8.414970398
-8.366964340
-8.304876328
-8.252388000
-8.213022232
-8.198301315
-8.208221436
-8.258468628
-8.296875000
-8.307756424
-8.322158813
-8.363763809
-8.391927719
-8.403770447
-8.411130905
-8.415290833
-8.414970398
-8.406009674
-8.363763809
-8.276712418
-8.225503922
-8.232866287
-8.238626480
-8.248228073
-8.259750366
-8.264549255
-8.284713745
-8.309356689
-8.334959030
-8.358003616
-8.395128250
-8.421051025
-8.422012329
-8.423612595
-8.431934357
-8.431293488
-8.422651291
-8.386167526
-8.310956955
-8.254949570
-8.239585876
-8.249187469
-8.226144791
-8.195739746
-8.189659119
-8.192220688
-8.217184067
-8.262310028
-8.296234131
-8.335920334
-8.370805740
-8.390327454
-8.409530640
-8.414651871
-8.417211533
-8.411769867
-8.371765137
-8.301355362
-8.277030945
-8.279272079
-8.256549835
-8.230945587
-8.227104187
-8.219423294
-8.245027542
-8.293354034
-8.316078186
-8.328878403
-8.342960358
-8.379446030
-8.414011002
-8.422012329
-8.429693222
-8.435773849
-8.433534622
-8.411130905
-8.352882385
-8.312557220
-8.266149521
-8.221343994
-8.196701050
-8.187740326
-8.198621750
-8.245668411
-8.271911621
-8.276391983
-8.293354034
-8.350322723
-8.373044968
-8.375606537
-8.378805161
-8.391927719
-8.408250809
-8.417211533
-8.417211533
-8.407289505
-8.379766464
-8.341680527
-8.293033600
-8.244068146
-8.233505249
-8.237026215
-8.254629135
-8.279912949
-8.278951645
-8.287593842
-8.333360672
-8.382966995
-8.397048950
-8.403129578
-8.417852402
-8.436733246
-8.441215515
-8.437374115
-8.430013657
-8.404729843
-8.376565933
-8.324718475
-8.258150101
-8.221023560
-8.208862305
-8.213983536
-8.227424622
-8.237985611
-8.273191452
-8.324398041
-8.355123520
-8.356403351
-8.370485306
-8.404088974
-8.413370132
-8.416891098
-8.414651871
-8.419132233
-8.418811798
-8.409210205
-8.374645233
-8.315757751
-8.271270752
-8.247907639
-8.239267349
-8.249507904
-8.266790390
-8.301034927
-8.360883713
-8.383605957
-8.382326126
-8.397048950
-8.430652618
-8.441215515
-8.433853149
-8.434494019
-8.437694550
-8.431613922
-8.432573318
-8.426172256
-8.390327454
-8.344242096
-8.306795120
-8.264869690
-8.221023560
-8.205020905
-8.218784332
-8.262310028
-8.288873672
-8.315116882
-8.356403351
-8.388406754
-8.399288177
-8.398969650
-8.413370132
-8.419771194
-8.425212860
-8.425851822
-8.407609940
-8.343601227
-8.319597244
-8.310636520
-8.278951645
-8.240547180
-8.239267349
-8.245986938
-8.270311356
-8.308395386
-8.341680527
-8.383605957
-8.413370132
-8.424251556
-8.430973053
-8.438653946
-8.444734573
-8.447296143
-8.438014984
-8.394487381
-8.336879730
-8.327919006
-8.291753769
-8.232545853
-8.199581146
-8.192539215
-8.198940277
-8.222944260
-8.249507904
-8.270950317
-8.302635193
-8.343280792
-8.376565933
-8.398649216
-8.416252136
-8.424892426
-8.428092957
-8.423933029
-8.392568588
-8.368885040
-8.348081589
-8.287593842
-8.248548508
-8.236385345
-8.236385345
-8.247268677
-8.269031525
-8.284393311
-8.279272079
-8.278951645
-8.319276810
-8.367284775
-8.383926392
-8.406330109
-8.423933029
-8.439294815
-8.443454742
-8.440895081
-8.426172256
-8.392248154
-8.329519272
-8.255588531
-8.229345322
-8.222303391
-8.217823029
-8.221343994
-8.219743729
-8.235746384
-8.301675797
-8.325677872
-8.326959610
-8.332399368
-8.347761154
-8.389688492
-8.405368805
-8.414651871
-8.424251556
-8.427452087
-8.426172256
-8.402170181
-8.342000961
-8.311277390
-8.274150848
-8.249507904
-8.245986938
-8.244068146
-8.260709763
-8.301355362
-8.349361420
-8.366643906
-8.374965668
-8.411130905
-8.440574646
-8.444095612
-8.444095612
-8.443134308
-8.431613922
-8.406009674
-8.354803085
-8.283432007
-8.240867615
-8.218143463
-8.219102859
-8.234785080
-8.264869690
-8.316717148
-8.353523254
-8.360883713
-8.367284775
-8.398008347
-8.412090302
-8.423612595
-8.428092957
-8.428733826
-8.417211533
-8.404409409
-8.385847092
-8.338159561
-8.276071548
-8.257829666
-8.246307373
-8.257188797
-8.276712418
-8.301355362
-8.351282120
-8.398969650
-8.409851074
-8.425212860
-8.443775177
-8.451456070
-8.454015732
-8.442495346
-8.410169601
-8.378166199
-8.371124268
-8.348722458
-8.279912949
-8.227104187
-8.213983536
-8.216543198
-8.242467880
-8.266790390
-8.307435989
-8.345201492
-8.375606537
-8.396087646
-8.413370132
-8.425212860
-8.430652618
-8.430973053
-8.405050278
-8.380405426
-8.394487381
-8.326639175
-8.266149521
-8.246627808
-8.239267349
-8.248228073
-8.266469955
-8.293674469
-8.315437317
-8.339120865
-8.385206223
-8.419771194
-8.430652618
-8.440254211
-8.446334839
-8.448255539
-8.438333511
-8.394487381
-8.354803085
-8.330799103
-8.281192780
-8.220703125
-8.203741074
-8.208221436
-8.224544525
-8.250467300
-8.266790390
-8.261669159
-8.286632538
-8.346160889
-8.356403351
-8.361524582
-8.359283447
-8.379766464
-8.405368805
-8.416570663
-8.427452087
-8.431613922
-8.432252884
-8.415290833
-8.359283447
-8.319276810
-8.293033600
-8.259750366
-8.252708435
-8.249828339
-8.255268097
-8.290473938
-8.350641251
-8.366323471
-8.354482651
-8.375606537
-8.422332764
-8.438974380
-8.440895081
-8.442174911
-8.444416046
-8.448575974
-8.440895081
-8.418491364
-8.376565933
-8.328878403
-8.269031525
-8.220703125
-8.208221436
-8.222623825
-8.262630463
-8.303596497
-8.301355362
-8.302314758
-8.351602554
-8.378486633
-8.389688492
-8.387447357
-8.397369385
-8.424892426
-8.431613922
-8.433214188
-8.430652618
-8.415931702
-8.385526657
-8.338479996
-8.290794373
-8.259750366
-8.246627808
-8.261989594
-8.289514542
-8.310316086
-8.351602554
-8.410490036
-8.410169601
-8.430334091
-8.432893753
-8.452415466
-8.455936432
-8.442495346
-8.437053680
-8.386806488
-8.338479996
-8.320558548
-8.294954300
-8.243427277
-8.220703125
-8.220064163
-8.264869690
-8.295595169
-8.306795120
-8.328878403
-8.368885040
-8.402170181
-8.416891098
-8.427452087
-8.431613922
-8.434814453
-8.433853149
-8.419771194
-8.372085571
-8.347442627

