31/07/2020 16:33:54
-8.234146118
-8.238946915
-8.233505249
-8.213663101
-8.250787735
-8.284393311
-8.286314011
-8.318637848
-8.354803085
-8.385206223
-8.401849747
-8.409210205
-8.414970398
-8.425212860
-8.425212860
-8.399288177
-8.346481323
-8.253028870
-8.221664429
-8.205982208
-8.180377960
-8.237026215
-8.262310028
-8.309995651
-8.317996979
-8.318637848
-8.333040237
-8.380086899
-8.412090302
-8.416570663
-8.430334091
-8.439294815
-8.429372787
-8.422971725
-8.401208878
-8.370485306
-8.374645233
-8.362804413
-8.311277390
-8.278631210
-8.253349304
-8.243427277
-8.261350632
-8.272232056
-8.285352707
-8.323759079
-8.374006271
-8.404729843
-8.421691895
-8.435773849
-8.433534622
-8.450815201
-8.444416046
-8.417852402
-8.374965668
-8.344881058
-8.283113480
-8.228385925
-8.308076859
-8.322797775
-8.364404678
-8.392248154
-8.365043640
-8.277030945
-8.286314011
-8.319597244
-8.346481323
-8.373044968
-8.412731171
-8.416891098
-8.416570663
-8.423933029
-8.427772522
-8.431613922
-8.432573318
-8.434494019
-8.404729843
-8.368885040
-8.333040237
-8.318637848
-8.298154831
-8.360242844
-8.434173584
-8.438974380
-8.428092957
-8.453697205
-8.446334839
-8.450176239
-8.434494019
-8.433853149
-8.429693222
-8.416570663
-8.379446030
-8.335920334
-8.281192780
-8.249507904
-8.246307373
-8.247587204
-8.264230728
-8.258468628
-8.289514542
-8.342960358
-8.362483978
-8.375286102
-8.404088974
-8.389047623
-8.388406754
-8.317996979
-8.303915024
-8.360242844
-8.394168854
-8.439933777
-8.431613922
-8.446016312
-8.447935104
-8.448255539
-8.446655273
-8.440895081
-8.409530640
-8.331760406
-8.264869690
-8.231586456
-8.264230728
-8.294954300
-8.313516617
-8.339759827
-8.397048950
-8.403450012
-8.420412064
-8.448896408
-8.463617325
-8.432893753
-8.432893753
-8.433214188
-8.426492691
-8.388727188
-8.338800430
-8.308395386
-8.282793045
-8.265510559
-8.255588531
-8.255268097
-8.270631790
-8.285032272
-8.349361420
-8.406969070
-8.421691895
-8.425212860
-8.433214188
-8.435773849
-8.433214188
-8.433534622
-8.431293488
-8.427452087
-8.363763809
-8.312877655
-8.273191452
-8.256549835
-8.216863632
-8.216543198
-8.222623825
-8.223903656
-8.228065491
-8.260389328
-8.290473938
-8.317678452
-8.358642578
-8.385526657
-8.389368057
-8.406330109
-8.423292160
-8.435132980
-8.438014984
-8.436414719
-8.427133560
-8.414651871
-8.366643906
-8.312236786
-8.253349304
-8.252067566
-8.247268677
-8.257188797
-8.294313431
-8.323438644
-8.348402023
-8.363763809
-8.396408081
-8.433214188
-8.443454742
-8.447616577
-8.452735901
-8.454656601
-8.441534042
-8.390647888
-8.354803085
-8.327598572
-8.267110825
-8.219423294
-8.244386673
-8.274150848
-8.284713745
-8.319917679
-8.334320068
-8.338159561
-8.369205475
-8.404088974
-8.413690567
-8.426813126
-8.432893753
-8.438014984
-8.424892426
-8.373365402
-8.348722458
-8.346160889
-8.271591187
-8.268711090
-8.246948242
-8.248228073
-8.255908966
-8.337200165
-8.365364075
-8.379446030
-8.379766464
-8.375286102
-8.354803085
-8.335599899
-8.328239441
-8.358324051
-8.402809143
-8.410490036
-8.334640503
-8.269990921
-8.237346649
-8.236705780
-8.229345322
-8.236066818
-8.260068893
-8.303276062
-8.343601227
-8.358963013
-8.391607285
-8.418491364
-8.428733826
-8.436733246
-8.436094284
-8.431293488
-8.425851822
-8.419132233
-8.387767792
-8.331760406
-8.282793045
-8.275432587
-8.253028870
-8.257188797
-8.264549255
-8.295595169
-8.347442627
-8.346801758
-8.342641830
-8.359283447
-8.368885040
-8.383926392
-8.385847092
-8.374006271
-8.350961685
-8.331439972
-8.334640503
-8.360242844
-8.390327454
-8.394807816
-8.332399368
-8.301355362
-8.352882385
-8.403770447
-8.410169601
-8.418170929
-8.419132233
-8.431613922
-8.435453415
-8.437053680
-8.431293488
-8.376886368
-8.342641830
-8.352882385
-8.340400696
-8.282472610
-8.258468628
-8.245668411
-8.257829666
-8.289514542
-8.324077606
-8.320558548
-8.321517944
-8.349040985
-8.403450012
-8.414011002
-8.428733826
-8.418491364
-8.427772522
-8.438333511
-8.433214188
-8.418811798
-8.403450012
-8.295274734
-8.252708435
-8.228704453
-8.236705780
-8.269670486
-8.368244171
-8.368244171
-8.363122940
-8.430652618
-8.432252884
-8.439294815
-8.445375443
-8.439933777
-8.438653946
-8.427133560
-8.378805161
-8.340721130
-8.296554565
-8.286952972
-8.273832321
-8.300395966
-8.335920334
-8.364404678
-8.398969650
-8.402809143
-8.423292160
-8.454977036
-8.461378098
-8.451456070
-8.444416046
-8.428733826
-8.368244171
-8.341041565
-8.316078186
-8.262310028
-8.249187469
-8.243747711
-8.242147446
-8.289514542
-8.352241516
-8.385847092
-8.422651291
-8.437374115
-8.434814453
-8.441534042
-8.450496674
-8.438974380
-8.433853149
-8.388406754
-8.302955627
-8.254308701
-8.236705780
-8.229345322
-8.269990921
-8.293994904
-8.328239441
-8.369205475
-8.445695877
-8.441534042
-8.453376770
-8.453697205
-8.462337494
-8.459457397
-8.452096939
-8.445375443
-8.423933029
-8.369524002
-8.309995651
-8.301675797
-8.261350632
-8.226144791
-8.245986938
-8.263910294
-8.294954300
-8.358642578
-8.382005692
-8.394807816
-8.407930374
-8.423933029
-8.424892426
-8.426172256
-8.425533295
-8.418811798
-8.388727188
-8.345201492
-8.291112900
-8.254629135
-8.207262039
-8.213022232
-8.266149521
-8.264869690
-8.268070221
-8.301675797
-8.357042313
-8.378805161
-8.358642578
-8.392887115
-8.418170929
-8.432252884
-8.432893753
-8.419132233
-8.389688492
-8.388406754
-8.372724533
-8.328239441
-8.294313431
-8.235425949
-8.279592514
-8.275432587
-8.333679199
-8.356082916
-8.409851074
-8.429372787
-8.430973053
-8.430973053
-8.444734573
-8.448255539
-8.450496674
-8.444095612
-8.392887115
-8.328559875
-8.267749786
-8.264230728
-8.270311356
-8.262630463
-8.302635193
-8.343601227
-8.346160889
-8.342960358
-8.363122940
-8.390968323
-8.390327454
-8.414331436
-8.422971725
-8.425212860
-8.426172256
-8.418811798
-8.374965668
-8.341360092
-8.306156158
-8.249187469
-8.247268677
-8.256229401
-8.264549255
-8.282152176
-8.331119537
-8.383287430
-8.402488708
-8.423933029
-8.429372787
-8.444416046
-8.435773849
-8.404088974
-8.361843109
-8.332719803
-8.283752441
-8.225824356
-8.208541870
-8.243106842
-8.264869690
-8.280551910
-8.341360092
-8.366004944
-8.418170929
-8.422651291
-8.435132980
-8.438974380
-8.440895081
-8.426172256
-8.380725861
-8.310956955
-8.249507904
-8.216863632
-8.202140808
-8.202781677
-8.205341339
-8.211421967
-8.262948990
-8.308076859
-8.322797775
-8.366643906
-8.411451340
-8.424892426
-8.433534622
-8.431934357
-8.433534622
-8.443134308
-8.410810471
-8.350002289
-8.292394638
-8.257188797
-8.244707108
-8.248548508
-8.278631210
-8.313516617
-8.350322723
-8.395448685
-8.407930374
-8.425212860
-8.436733246
-8.436414719
-8.433214188
-8.389688492
-8.318317413
-8.294633865
-8.287914276
-8.250148773
-8.205020905
-8.224224091
-8.230625153
-8.247907639
-8.279912949
-8.299114227
-8.307435989
-8.315437317
-8.342321396
-8.381366730
-8.399608612
-8.420412064
-8.428413391
-8.434494019
-8.434173584
-8.440895081
-8.438974380
-8.441534042
-8.427133560
-8.390647888
-8.347761154
-8.317678452
-8.286952972
-8.239906311
-8.212062836
-8.201501846
-8.197021484
-8.215583801
-8.242147446
-8.264230728
-8.348402023
-8.357683182
-8.376245499
-8.383926392
-8.395769119
-8.423933029
-8.437053680
-8.437694550
-8.434814453
-8.417531967
-8.405689240
-8.401529312
-8.358003616
-8.283752441
-8.247907639
-8.232866287
-8.214942932
-8.210462570
-8.226144791
-8.253349304
-8.300395966
-8.342000961
-8.358642578
-8.390647888
-8.406009674
-8.416891098
-8.421051025
-8.412090302
-8.393527985
-8.379125595
-8.332399368
-8.262630463
-8.239267349
-8.242467880
-8.243106842
-8.247907639
-8.255908966
-8.246307373
-8.253988266
-8.293994904
-8.334640503
-8.358324051
-8.378805161
-8.404729843
-8.428733826
-8.434494019
-8.436733246
-8.435453415
-8.416570663
-8.364084244
-8.286632538
-8.248867035
-8.230945587
-8.217504501
-8.210783005
-8.201181412
-8.241506577
-8.274150848
-8.316078186
-8.338159561

