31/07/2020 16:34:10
-8.369844437
-8.409530640
-8.422332764
-8.438333511
-8.446655273
-8.451776505
-8.450496674
-8.441534042
-8.438653946
-8.435453415
-8.435453415
-8.420091629
-8.375925064
-8.334959030
-8.307756424
-8.267110825
-8.223903656
-8.206302643
-8.217823029
-8.263269424
-8.290473938
-8.316078186
-8.350641251
-8.384887695
-8.395769119
-8.406009674
-8.420091629
-8.424571991
-8.429693222
-8.428733826
-8.422651291
-8.387767792
-8.321838379
-8.273511887
-8.243747711
-8.237985611
-8.245347977
-8.261989594
-8.303915024
-8.337841034
-8.360242844
-8.398328781
-8.425533295
-8.433214188
-8.436094284
-8.441534042
-8.440254211
-8.435453415
-8.401849747
-8.330478668
-8.302635193
-8.297195435
-8.242147446
-8.203422546
-8.197340012
-8.194139481
-8.202781677
-8.228704453
-8.245668411
-8.267431259
-8.299755096
-8.334640503
-8.369524002
-8.391286850
-8.416570663
-8.423933029
-8.424892426
-8.423612595
-8.412410736
-8.398649216
-8.395448685
-8.360883713
-8.285673141
-8.261350632
-8.267431259
-8.261350632
-8.241506577
-8.244386673
-8.245027542
-8.257188797
-8.305515289
-8.346481323
-8.372085571
-8.404088974
-8.426172256
-8.437053680
-8.439615250
-8.441215515
-8.438653946
-8.426172256
-8.369844437
-8.297513962
-8.280872345
-8.232545853
-8.217823029
-8.223264694
-8.214303970
-8.223585129
-8.280551910
-8.308395386
-8.313837051
-8.310316086
-8.342641830
-8.388088226
-8.400569916
-8.413051605
-8.420412064
-8.425851822
-8.425212860
-8.403129578
-8.362163544
-8.343921661
-8.306476593
-8.257829666
-8.238626480
-8.233184814
-8.238946915
-8.251749039
-8.280231476
-8.287914276
-8.306795120
-8.359924316
-8.405368805
-8.416891098
-8.421691895
-8.426172256
-8.433853149
-8.448255539
-8.439615250
-8.410810471
-8.366964340
-8.320558548
-8.255268097
-8.219102859
-8.210462570
-8.217504501
-8.245986938
-8.266469955
-8.273511887
-8.322158813
-8.358642578
-8.374006271
-8.361524582
-8.421051025
-8.438974380
-8.448255539
-8.448255539
-8.446016312
-8.436414719
-8.426492691
-8.420091629
-8.389688492
-8.323118210
-8.265190125
-8.228065491
-8.210783005
-8.210783005
-8.226465225
-8.285993576
-8.304235458
-8.301675797
-8.350641251
-8.411769867
-8.416252136
-8.430013657
-8.433214188
-8.429372787
-8.433214188
-8.448575974
-8.450176239
-8.449855804
-8.442815781
-8.423933029
-8.393207550
-8.351282120
-8.292713165
-8.242147446
-8.217823029
-8.220703125
-8.232866287
-8.245986938
-8.271270752
-8.319276810
-8.355762482
-8.365684509
-8.389047623
-8.413690567
-8.415931702
-8.427133560
-8.423292160
-8.392248154
-8.377525330
-8.374965668
-8.350002289
-8.294954300
-8.264869690
-8.250787735
-8.246948242
-8.250787735
-8.252067566
-8.266469955
-8.311916351
-8.357042313
-8.412410736
-8.413690567
-8.434173584
-8.447296143
-8.446975708
-8.439615250
-8.444416046
-8.444416046
-8.446975708
-8.436094284
-8.395448685
-8.345201492
-8.311916351
-8.264869690
-8.221023560
-8.209821701
-8.232225418
-8.274150848
-8.285993576
-8.300714493
-8.333040237
-8.372085571
-8.428413391
-8.446655273
-8.442815781
-8.428733826
-8.425533295
-8.423292160
-8.390647888
-8.333040237
-8.306156158
-8.302635193
-8.263269424
-8.220064163
-8.207262039
-8.217504501
-8.245986938
-8.284393311
-8.319597244
-8.365684509
-8.385526657
-8.398328781
-8.415931702
-8.426172256
-8.431934357
-8.431934357
-8.422651291
-8.363763809
-8.340080261
-8.308395386
-8.265830994
-8.243427277
-8.241506577
-8.236385345
-8.244068146
-8.280551910
-8.313516617
-8.335279465
-8.352882385
-8.381046295
-8.403770447
-8.417531967
-8.425533295
-8.430013657
-8.430973053
-8.414970398
-8.393207550
-8.395128250
-8.338159561
-8.264549255
-8.254308701
-8.248867035
-8.234785080
-8.255268097
-8.281192780
-8.287273407
-8.279272079
-8.305835724
-8.364404678
-8.406969070
-8.422012329
-8.436094284
-8.447296143
-8.448575974
-8.436414719
-8.399929047
-8.365684509
-8.322158813
-8.256549835
-8.218463898
-8.210142136
-8.219423294
-8.243747711
-8.270311356
-8.263910294
-8.282793045
-8.318958282
-8.346481323
-8.360883713
-8.377525330
-8.404088974
-8.424892426
-8.429693222
-8.431293488
-8.423933029
-8.401208878
-8.359924316
-8.292394638
-8.264549255
-8.245986938
-8.249507904
-8.268711090
-8.276712418
-8.292394638
-8.337841034
-8.385526657
-8.404088974
-8.399608612
-8.405050278
-8.431934357
-8.446655273
-8.448575974
-8.447616577
-8.448896408
-8.445695877
-8.438974380
-8.420732498
-8.382326126
-8.356082916
-8.356403351
-8.335599899
-8.305835724
-8.266149521
-8.218463898
-8.220064163
-8.233825684
-8.231904984
-8.237667084
-8.285993576
-8.320877075
-8.340400696
-8.356082916
-8.396728516
-8.405050278
-8.405050278
-8.455936432
-8.450176239
-8.450496674
-8.446016312
-8.426492691
-8.385206223
-8.316717148
-8.256549835
-8.250787735
-8.236705780
-8.234785080
-8.244386673
-8.249187469
-8.320558548
-8.314157486
-8.304555893
-8.319276810
-8.388406754
-8.387447357
-8.422332764
-8.435453415
-8.452415466
-8.459136963
-8.448896408
-8.416570663
-8.354803085
-8.315437317
-8.263910294
-8.237346649
-8.221023560
-8.230625153
-8.267431259
-8.358324051
-8.380086899
-8.419771194
-8.444734573
-8.450176239
-8.447616577
-8.447296143
-8.450815201
-8.452735901
-8.447296143
-8.437694550
-8.417531967
-8.395448685
-8.369524002
-8.312557220
-8.253028870
-8.233825684
-8.223585129
-8.215583801
-8.217504501
-8.228704453
-8.241827011
-8.273511887
-8.294633865
-8.319276810
-8.390327454
-8.431293488
-8.408889771
-8.429052353
-8.430334091
-8.434173584
-8.435453415
-8.433853149
-8.427133560
-8.367284775
-8.289194107
-8.253349304
-8.200860977
-8.299114227
-8.382646561
-8.430013657
-8.435773849
-8.441534042
-8.447616577
-8.452415466
-8.446016312
-8.442174911
-8.399608612
-8.333999634
-8.322477341
-8.284072876
-8.212062836
-8.213663101
-8.222303391
-8.237667084
-8.289194107
-8.333040237
-8.393527985
-8.409210205
-8.446975708
-8.448896408
-8.450176239
-8.451456070
-8.453056335
-8.452096939
-8.443134308
-8.418811798
-8.373044968
-8.362163544
-8.275112152
-8.216222763
-8.200222015
-8.209503174
-8.203422546
-8.237667084
-8.255908966
-8.287914276
-8.325998306
-8.365364075
-8.403770447
-8.411769867
-8.421371460
-8.418491364
-8.409851074
-8.358963013
-8.290794373
-8.243747711
-8.222303391
-8.200540543
-8.197660446
-8.207262039
-8.213983536
-8.255908966
-8.286314011
-8.284713745
-8.290473938
-8.353523254
-8.381366730
-8.420732498
-8.427772522
-8.446975708
-8.446975708
-8.444416046
-8.424251556
-8.397048950
-8.294954300
-8.232545853
-8.215263367
-8.231586456
-8.270631790
-8.315116882
-8.358963013
-8.371765137
-8.405050278
-8.430334091
-8.441215515
-8.451776505
-8.445375443
-8.433534622
-8.400569916
-8.398328781
-8.370485306
-8.286952972
-8.234785080
-8.221343994
-8.234466553
-8.261989594
-8.284713745
-8.343280792
-8.360883713
-8.358324051
-8.385526657
-8.429372787
-8.421691895
-8.425851822
-8.418811798
-8.371444702
-8.334320068
-8.324398041
-8.279272079
-8.248548508
-8.244386673
-8.224224091
-8.237346649
-8.341360092
-8.387767792
-8.430334091
-8.432252884
-8.435132980
-8.436414719
-8.434494019
-8.419132233
-8.402809143
-8.383605957
-8.314157486
-8.258789062
-8.229024887
-8.225503922
-8.221343994
-8.219743729
-8.246307373
-8.276391983
-8.344560623
-8.344881058
-8.386487961
-8.393207550
-8.402809143
-8.411451340
-8.414331436
-8.408250809
-8.396408081
-8.394168854
-8.381687164
-8.333999634
-8.279592514
-8.262948990
-8.243106842
-8.239267349
-8.258789062
-8.300714493
-8.342960358
-8.394487381
-8.407930374
-8.420091629
-8.423933029
-8.420412064
-8.423612595
-8.423292160
-8.363122940
-8.312877655
-8.287593842
-8.260709763
-8.244707108
-8.245986938
-8.253988266
-8.259750366
-8.311916351
-8.337200165
-8.361524582
-8.390968323
-8.405689240
-8.386806488
-8.397369385
-8.305835724
-8.262310028
-8.228704453
-8.228704453
-8.224224091
-8.235105515
-8.263589859
-8.319597244
-8.341041565
-8.354803085
-8.370805740
-8.376565933
-8.390007019
-8.424571991
-8.434814453
-8.443134308
-8.444095612

