31/07/2020 16:33:56
-8.436094284
-8.423292160
-8.425533295
-8.414651871
-8.373044968
-8.290473938
-8.277351379
-8.299434662
-8.241827011
-8.240226746
-8.249828339
-8.274791718
-8.306476593
-8.331439972
-8.353841782
-8.390007019
-8.422012329
-8.434814453
-8.432573318
-8.437053680
-8.438653946
-8.438653946
-8.436094284
-8.399929047
-8.334959030
-8.315116882
-8.265510559
-8.243747711
-8.243747711
-8.251108170
-8.264869690
-8.311595917
-8.359283447
-8.385526657
-8.413370132
-8.433214188
-8.438333511
-8.440574646
-8.432893753
-8.413370132
-8.375286102
-8.303915024
-8.238626480
-8.229345322
-8.220703125
-8.217184067
-8.213983536
-8.214942932
-8.210462570
-8.233505249
-8.296875000
-8.316396713
-8.327598572
-8.344242096
-8.379125595
-8.396408081
-8.404088974
-8.419132233
-8.423292160
-8.422651291
-8.395448685
-8.340400696
-8.320238113
-8.288553238
-8.245347977
-8.241506577
-8.233505249
-8.242147446
-8.268711090
-8.312236786
-8.326959610
-8.327278137
-8.351282120
-8.399608612
-8.418491364
-8.426813126
-8.438974380
-8.443134308
-8.443775177
-8.427133560
-8.381687164
-8.334640503
-8.297834396
-8.242786407
-8.205020905
-8.197980881
-8.211103439
-8.247268677
-8.288553238
-8.303276062
-8.334320068
-8.384246826
-8.395448685
-8.397369385
-8.398328781
-8.411451340
-8.424251556
-8.427772522
-8.427772522
-8.414011002
-8.386167526
-8.349681854
-8.285673141
-8.252067566
-8.243747711
-8.245027542
-8.274150848
-8.292713165
-8.295274734
-8.321517944
-8.375606537
-8.408250809
-8.417531967
-8.418491364
-8.438014984
-8.449855804
-8.448575974
-8.443775177
-8.418811798
-8.376886368
-8.340080261
-8.293033600
-8.244386673
-8.220703125
-8.215904236
-8.228385925
-8.243427277
-8.273191452
-8.329198837
-8.357683182
-8.355762482
-8.391607285
-8.406009674
-8.419771194
-8.428092957
-8.429372787
-8.428413391
-8.411451340
-8.388727188
-8.361524582
-8.303915024
-8.254308701
-8.246627808
-8.245347977
-8.263910294
-8.290794373
-8.325038910
-8.377525330
-8.409530640
-8.419771194
-8.431934357
-8.446975708
-8.454977036
-8.456897736
-8.447296143
-8.432893753
-8.398649216
-8.391927719
-8.379766464
-8.313196182
-8.248548508
-8.232866287
-8.228385925
-8.221984863
-8.224224091
-8.248228073
-8.285352707
-8.324398041
-8.355123520
-8.383926392
-8.410169601
-8.422012329
-8.426813126
-8.430013657
-8.424251556
-8.421371460
-8.416570663
-8.366643906
-8.289833069
-8.277030945
-8.274150848
-8.260389328
-8.248867035
-8.245986938
-8.261669159
-8.289194107
-8.345842361
-8.370164871
-8.389368057
-8.416891098
-8.433853149
-8.444095612
-8.447616577
-8.446655273
-8.433853149
-8.397048950
-8.322797775
-8.271270752
-8.261350632
-8.246948242
-8.225824356
-8.214303970
-8.207582474
-8.211421967
-8.249828339
-8.291433334
-8.310316086
-8.326318741
-8.359603882
-8.394487381
-8.406009674
-8.415931702
-8.427772522
-8.432893753
-8.431934357
-8.411451340
-8.365684509
-8.332719803
-8.287914276
-8.253028870
-8.242467880
-8.243106842
-8.262310028
-8.302314758
-8.324718475
-8.318958282
-8.320877075
-8.368885040
-8.412731171
-8.421371460
-8.428413391
-8.440895081
-8.451776505
-8.453376770
-8.442815781
-8.410490036
-8.383605957
-8.349040985
-8.281831741
-8.236066818
-8.220384598
-8.222303391
-8.247268677
-8.270950317
-8.281513214
-8.324718475
-8.365364075
-8.386487961
-8.397687912
-8.418170929
-8.431293488
-8.435453415
-8.436414719
-8.426492691
-8.392568588
-8.353841782
-8.291753769
-8.256549835
-8.247587204
-8.254949570
-8.292394638
-8.324398041
-8.335599899
-8.365684509
-8.420412064
-8.426492691
-8.424571991
-8.433853149
-8.449855804
-8.454015732
-8.455615997
-8.450815201
-8.431613922
-8.386167526
-8.349040985
-8.305835724
-8.246948242
-8.218784332
-8.219423294
-8.249828339
-8.277351379
-8.302955627
-8.341041565
-8.383926392
-8.398328781
-8.401208878
-8.419132233
-8.428733826
-8.434173584
-8.435453415
-8.427133560
-8.383287430
-8.353523254
-8.336240768
-8.290473938
-8.249828339
-8.247907639
-8.250787735
-8.277351379
-8.311277390
-8.335279465
-8.378805161
-8.416891098
-8.429372787
-8.438333511
-8.449214935
-8.455297470
-8.452096939
-8.434173584
-8.380725861
-8.366643906
-8.352241516
-8.278312683
-8.234146118
-8.205020905
-8.202140808
-8.215904236
-8.255908966
-8.279912949
-8.301996231
-8.327919006
-8.356723785
-8.384246826
-8.405050278
-8.425212860
-8.432573318
-8.433214188
-8.430013657
-8.406969070
-8.392887115
-8.384246826
-8.327919006
-8.261030197
-8.250467300
-8.245986938
-8.267431259
-8.303915024
-8.318637848
-8.319597244
-8.345201492
-8.396728516
-8.417531967
-8.427133560
-8.438974380
-8.446016312
-8.448575974
-8.439294815
-8.405368805
-8.369205475
-8.322158813
-8.251428604
-8.214622498
-8.208221436
-8.214622498
-8.239267349
-8.263589859
-8.258468628
-8.262948990
-8.317678452
-8.343601227
-8.354482651
-8.362163544
-8.382966995
-8.413690567
-8.420091629
-8.424251556
-8.427772522
-8.433534622
-8.433853149
-8.422012329
-8.383287430
-8.351602554
-8.323118210
-8.280231476
-8.251749039
-8.243747711
-8.266469955
-8.307756424
-8.318637848
-8.380405426
-8.396087646
-8.436414719
-8.425533295
-8.405050278
-8.318637848
-8.223903656
-8.213663101
-8.220064163
-8.253667831
-8.309036255
-8.331439972
-8.347122192
-8.358003616
-8.350961685
-8.357042313
-8.390968323
-8.421371460
-8.414331436
-8.410490036
-8.429372787
-8.434494019
-8.451135635
-8.367605209
-8.367284775
-8.370485306
-8.349040985
-8.325677872
-8.325677872
-8.337841034
-8.355762482
-8.375925064
-8.378805161
-8.324718475
-8.308395386
-8.340080261
-8.371765137
-8.380086899
-8.357042313
-8.310636520
-8.309677124
-8.377204895
-8.414651871
-8.401529312
-8.353523254
-8.345201492
-8.264869690
-8.227104187
-8.206621170
-8.238946915
-8.253988266
-8.284072876
-8.301675797
-8.298795700
-8.317037582
-8.338159561
-8.346160889
-8.367605209
-8.407609940
-8.434494019
-8.432573318
-8.435132980
-8.442815781
-8.428413391
-8.387126923
-8.309995651
-8.240226746
-8.286314011
-8.306476593
-8.394168854
-8.431934357
-8.431934357
-8.438974380
-8.434494019
-8.440574646
-8.423292160
-8.381366730
-8.344881058
-8.313837051
-8.257829666
-8.231904984
-8.221343994
-8.213663101
-8.249507904
-8.255908966
-8.266149521
-8.301034927
-8.349040985
-8.368564606
-8.384887695
-8.423292160
-8.428733826
-8.397369385
-8.328878403
-8.259109497
-8.218143463
-8.201822281
-8.202461243
-8.203102112
-8.205020905
-8.229024887
-8.331119537
-8.368885040
-8.388406754
-8.332719803
-8.271591187
-8.315757751
-8.364723206
-8.377845764
-8.398969650
-8.401849747
-8.422012329
-8.422971725
-8.398008347
-8.389047623
-8.329519272
-8.322158813
-8.283113480
-8.256549835
-8.247907639
-8.237026215
-8.245986938
-8.241506577
-8.246627808
-8.270631790
-8.298795700
-8.318637848
-8.344881058
-8.393527985
-8.408569336
-8.396728516
-8.424571991
-8.437374115
-8.438333511
-8.437053680
-8.409851074
-8.340400696
-8.296875000
-8.284393311
-8.268390656
-8.248228073
-8.236385345
-8.249828339
-8.294313431
-8.326639175
-8.362804413
-8.405689240
-8.437053680
-8.441215515
-8.436094284
-8.434814453
-8.436733246
-8.419771194
-8.394168854
-8.327598572
-8.306476593
-8.284393311
-8.229024887
-8.213663101
-8.209182739
-8.225503922
-8.244707108
-8.294633865
-8.334320068
-8.388406754
-8.405689240
-8.413370132
-8.442174911
-8.438974380
-8.434173584
-8.435453415
-8.432893753
-8.409851074
-8.346481323
-8.292394638
-8.277671814
-8.247587204
-8.206941605
-8.191259384
-8.187419891
-8.196701050
-8.233505249
-8.288232803
-8.324077606
-8.358963013
-8.393207550
-8.406009674
-8.413370132
-8.419450760
-8.414970398
-8.393848419
-8.330478668
-8.269670486
-8.260068893
-8.248867035
-8.238306046
-8.245347977
-8.238626480
-8.252708435
-8.289833069
-8.339759827
-8.350002289
-8.344560623
-8.351282120
-8.384567261
-8.395448685
-8.400569916
-8.400569916
-8.414011002
-8.418491364
-8.421371460
-8.415290833
-8.424892426
-8.427452087
-8.434494019
-8.429693222
-8.424571991
-8.437694550
-8.445695877
-8.439933777
-8.416891098

