31/07/2020 16:35:10
-8.258468628
-8.262630463
-8.235425949
-8.234146118
-8.248867035
-8.287273407
-8.296554565
-8.243427277
-8.244386673
-8.285673141
-8.321838379
-8.335920334
-8.353841782
-8.399288177
-8.400249481
-8.401849747
-8.422012329
-8.442495346
-8.401529312
-8.324718475
-8.263910294
-8.243106842
-8.237985611
-8.239585876
-8.258789062
-8.270631790
-8.291433334
-8.335599899
-8.386167526
-8.407289505
-8.398649216
-8.411130905
-8.411769867
-8.417211533
-8.422012329
-8.419450760
-8.416252136
-8.403450012
-8.392887115
-8.374006271
-8.299114227
-8.257829666
-8.247907639
-8.237026215
-8.248548508
-8.232225418
-8.270950317
-8.316396713
-8.341360092
-8.361204147
-8.395448685
-8.407289505
-8.419132233
-8.416891098
-8.419771194
-8.396408081
-8.378166199
-8.363443375
-8.303915024
-8.250148773
-8.230625153
-8.238626480
-8.264549255
-8.274791718
-8.300395966
-8.334959030
-8.368564606
-8.391927719
-8.414011002
-8.416252136
-8.422012329
-8.423933029
-8.402488708
-8.344560623
-8.306476593
-8.282152176
-8.259429932
-8.237985611
-8.228385925
-8.261350632
-8.311916351
-8.351922989
-8.376245499
-8.397048950
-8.425533295
-8.437694550
-8.439294815
-8.440895081
-8.441854477
-8.417211533
-8.390968323
-8.331760406
-8.284713745
-8.298795700
-8.250148773
-8.245668411
-8.235746384
-8.231904984
-8.255268097
-8.295595169
-8.343601227
-8.358003616
-8.363443375
-8.379125595
-8.414331436
-8.424571991
-8.431934357
-8.438974380
-8.440895081
-8.437694550
-8.417531967
-8.369524002
-8.326639175
-8.266790390
-8.214942932
-8.199581146
-8.213983536
-8.211103439
-8.254949570
-8.279912949
-8.280231476
-8.285993576
-8.338159561
-8.359924316
-8.366964340
-8.372406006
-8.408889771
-8.416252136
-8.419132233
-8.419450760
-8.420732498
-8.410810471
-8.377845764
-8.317678452
-8.323438644
-8.316396713
-8.289833069
-8.254308701
-8.236705780
-8.238946915
-8.255908966
-8.304555893
-8.299114227
-8.355442047
-8.369524002
-8.414651871
-8.427133560
-8.431293488
-8.419771194
-8.426813126
-8.445695877
-8.444095612
-8.446016312
-8.438653946
-8.420732498
-8.376886368
-8.321838379
-8.274150848
-8.234146118
-8.213342667
-8.201181412
-8.210462570
-8.219102859
-8.259750366
-8.334320068
-8.341041565
-8.382326126
-8.403770447
-8.425533295
-8.427452087
-8.429372787
-8.429372787
-8.419132233
-8.414651871
-8.404409409
-8.385526657
-8.350322723
-8.267749786
-8.240547180
-8.265510559
-8.283432007
-8.308395386
-8.335920334
-8.363763809
-8.367284775
-8.382005692
-8.412090302
-8.430652618
-8.408250809
-8.347761154
-8.277992249
-8.227104187
-8.222623825
-8.218463898
-8.218143463
-8.227745056
-8.243106842
-8.314477921
-8.322477341
-8.358963013
-8.381687164
-8.408569336
-8.418491364
-8.422971725
-8.423292160
-8.409851074
-8.376886368
-8.359603882
-8.309036255
-8.261989594
-8.270950317
-8.222303391
-8.246627808
-8.341360092
-8.394168854
-8.422332764
-8.435132980
-8.438333511
-8.430652618
-8.426813126
-8.427133560
-8.420732498
-8.412410736
-8.384567261
-8.350322723
-8.296234131
-8.254629135
-8.237667084
-8.241186142
-8.261350632
-8.325038910
-8.365364075
-8.372724533
-8.396087646
-8.431613922
-8.438653946
-8.442174911
-8.430013657
-8.390327454
-8.370805740
-8.302314758
-8.227745056
-8.198621750
-8.245027542
-8.262310028
-8.302635193
-8.381046295
-8.386487961
-8.406009674
-8.415611267
-8.423292160
-8.418491364
-8.420091629
-8.359603882
-8.339759827
-8.309677124
-8.241827011
-8.269031525
-8.317358017
-8.341360092
-8.349040985
-8.347442627
-8.376245499
-8.422012329
-8.415931702
-8.427133560
-8.438974380
-8.441854477
-8.437694550
-8.398969650
-8.354162216
-8.310316086
-8.257829666
-8.207262039
-8.191900253
-8.219743729
-8.255268097
-8.298795700
-8.316717148
-8.354803085
-8.385206223
-8.404088974
-8.418491364
-8.420412064
-8.414011002
-8.399608612
-8.380405426
-8.304235458
-8.248548508
-8.237985611
-8.237667084
-8.238626480
-8.246627808
-8.257188797
-8.293994904
-8.360883713
-8.348722458
-8.388088226
-8.399608612
-8.417852402
-8.423612595
-8.442495346
-8.425212860
-8.418491364
-8.356082916
-8.331760406
-8.277030945
-8.226465225
-8.196060181
-8.193500519
-8.215904236
-8.242467880
-8.285032272
-8.332399368
-8.366004944
-8.385847092
-8.401849747
-8.447935104
-8.451456070
-8.454977036
-8.448255539
-8.432252884
-8.386167526
-8.317678452
-8.275112152
-8.246307373
-8.236066818
-8.242786407
-8.261989594
-8.305194855
-8.309995651
-8.338159561
-8.351282120
-8.401529312
-8.404088974
-8.406969070
-8.401529312
-8.407930374
-8.371124268
-8.297513962
-8.249507904
-8.246627808
-8.249828339
-8.263910294
-8.248548508
-8.300714493
-8.339759827
-8.388406754
-8.406330109
-8.410169601
-8.423933029
-8.434814453
-8.446016312
-8.443454742
-8.443775177
-8.431293488
-8.409851074
-8.334640503
-8.241506577
-8.213342667
-8.205020905
-8.227745056
-8.257188797
-8.272550583
-8.336240768
-8.365684509
-8.418491364
-8.423933029
-8.426813126
-8.431613922
-8.440254211
-8.437694550
-8.412090302
-8.389047623
-8.382005692
-8.368564606
-8.346481323
-8.287593842
-8.237667084
-8.240547180
-8.243427277
-8.262948990
-8.283432007
-8.319597244
-8.359924316
-8.367284775
-8.372085571
-8.391607285
-8.417211533
-8.434173584
-8.443454742
-8.430013657
-8.402170181
-8.380725861
-8.366643906
-8.291433334
-8.254949570
-8.241506577
-8.238946915
-8.258468628
-8.284072876
-8.305515289
-8.349681854
-8.398649216
-8.422651291
-8.430652618
-8.428413391
-8.423933029
-8.428733826
-8.404409409
-8.335599899
-8.314477921
-8.308715820
-8.252067566
-8.214303970
-8.202781677
-8.203741074
-8.232225418
-8.266469955
-8.283752441
-8.293994904
-8.307435989
-8.345521927
-8.375286102
-8.393527985
-8.413370132
-8.421691895
-8.422651291
-8.405689240
-8.363763809
-8.346160889
-8.301034927
-8.245986938
-8.237346649
-8.225824356
-8.248228073
-8.285993576
-8.327919006
-8.345521927
-8.349040985
-8.386167526
-8.421371460
-8.429052353
-8.435773849
-8.437374115
-8.424251556
-8.385206223
-8.326639175
-8.272871017
-8.237985611
-8.213022232
-8.212703705
-8.221023560
-8.251749039
-8.313516617
-8.340721130
-8.360883713
-8.386167526
-8.417852402
-8.421371460
-8.422651291
-8.417211533
-8.366323471
-8.354162216
-8.355123520
-8.346801758
-8.306476593
-8.265190125
-8.245027542
-8.239267349
-8.254308701
-8.281831741
-8.327598572
-8.376886368
-8.397687912
-8.400249481
-8.414651871
-8.439615250
-8.443775177
-8.444734573
-8.434814453
-8.432893753
-8.423612595
-8.425212860
-8.411769867
-8.346801758
-8.283432007
-8.250467300
-8.225185394
-8.208541870
-8.213663101
-8.236385345
-8.271270752
-8.303276062
-8.331760406
-8.367284775
-8.394807816
-8.404409409
-8.407609940
-8.418491364
-8.418811798
-8.420412064
-8.412090302
-8.351282120
-8.340080261
-8.342000961
-8.303596497
-8.258468628
-8.235105515
-8.239267349
-8.250148773
-8.289194107
-8.342641830
-8.363763809
-8.387447357
-8.418170929
-8.429693222
-8.433853149
-8.433534622
-8.418491364
-8.390647888
-8.332719803
-8.255588531
-8.229986191
-8.230945587
-8.219743729
-8.204061508
-8.209182739
-8.220064163
-8.260068893
-8.315437317
-8.334959030
-8.356082916
-8.387126923
-8.406009674
-8.417211533
-8.420412064
-8.414331436
-8.397369385
-8.367284775
-8.300395966
-8.251108170
-8.240226746
-8.238306046
-8.252067566
-8.271911621
-8.273511887
-8.290794373
-8.344881058
-8.383926392
-8.397048950
-8.401208878
-8.419132233
-8.437694550
-8.437694550
-8.430973053
-8.395128250
-8.349361420
-8.295274734
-8.234785080
-8.205341339
-8.205020905
-8.235105515
-8.273511887
-8.278951645
-8.300075531
-8.349361420
-8.371124268
-8.374006271
-8.381046295
-8.404409409
-8.413051605
-8.419450760
-8.419132233
-8.412410736
-8.382005692
-8.353202820
-8.313516617
-8.264230728
-8.234466553
-8.239267349
-8.260709763
-8.291753769
-8.320238113
-8.355123520
-8.401849747
-8.425212860
-8.425533295
-8.427133560
-8.438014984
-8.438653946
-8.441215515
-8.426492691
-8.372406006
-8.322477341
-8.305835724
-8.266149521
-8.214622498
-8.198621750
-8.206941605

