31/07/2020 16:35:05
-8.307756424
-8.351922989
-8.375606537
-8.408569336
-8.431293488
-8.438014984
-8.438653946
-8.439294815
-8.425533295
-8.388727188
-8.316078186
-8.262310028
-8.232866287
-8.220703125
-8.215904236
-8.214622498
-8.212703705
-8.243427277
-8.300714493
-8.329839706
-8.345842361
-8.376245499
-8.404729843
-8.414651871
-8.421051025
-8.424251556
-8.422012329
-8.405689240
-8.349040985
-8.295913696
-8.263269424
-8.247587204
-8.253028870
-8.264549255
-8.275751114
-8.313196182
-8.375606537
-8.388088226
-8.367284775
-8.416570663
-8.423612595
-8.441534042
-8.444416046
-8.442174911
-8.438014984
-8.414970398
-8.384246826
-8.333999634
-8.264230728
-8.223903656
-8.216222763
-8.227104187
-8.257188797
-8.295274734
-8.342641830
-8.377845764
-8.383926392
-8.404409409
-8.421691895
-8.427133560
-8.430652618
-8.428413391
-8.416570663
-8.400569916
-8.400888443
-8.381046295
-8.313516617
-8.261989594
-8.249187469
-8.242786407
-8.260389328
-8.285673141
-8.314796448
-8.357362747
-8.387447357
-8.404409409
-8.424251556
-8.443134308
-8.450176239
-8.449535370
-8.437053680
-8.403129578
-8.394487381
-8.389047623
-8.315116882
-8.247268677
-8.211103439
-8.207582474
-8.217504501
-8.233505249
-8.257188797
-8.283752441
-8.319276810
-8.360242844
-8.384887695
-8.409210205
-8.420732498
-8.425533295
-8.422971725
-8.386487961
-8.344560623
-8.328239441
-8.277671814
-8.243747711
-8.232866287
-8.235746384
-8.253667831
-8.290473938
-8.303276062
-8.300714493
-8.297834396
-8.343280792
-8.395128250
-8.405050278
-8.416891098
-8.432893753
-8.443134308
-8.444734573
-8.438014984
-8.412410736
-8.372724533
-8.311916351
-8.251108170
-8.247268677
-8.247907639
-8.226144791
-8.325677872
-8.360883713
-8.374645233
-8.376245499
-8.335920334
-8.307115555
-8.343601227
-8.394168854
-8.405368805
-8.323438644
-8.260389328
-8.241827011
-8.243106842
-8.244707108
-8.244707108
-8.260389328
-8.282472610
-8.326639175
-8.364084244
-8.386806488
-8.404088974
-8.416252136
-8.442174911
-8.448575974
-8.449214935
-8.441534042
-8.438333511
-8.431934357
-8.419450760
-8.367923737
-8.296554565
-8.268070221
-8.242786407
-8.227424622
-8.213342667
-8.230304718
-8.277351379
-8.289194107
-8.290794373
-8.331760406
-8.373044968
-8.407930374
-8.434814453
-8.435132980
-8.448575974
-8.445375443
-8.445695877
-8.435132980
-8.359603882
-8.327598572
-8.309356689
-8.343921661
-8.379125595
-8.383926392
-8.349681854
-8.304555893
-8.327598572
-8.375286102
-8.394168854
-8.347761154
-8.255268097
-8.247587204
-8.237346649
-8.274150848
-8.319917679
-8.342641830
-8.360563278
-8.367284775
-8.398328781
-8.436414719
-8.426492691
-8.445375443
-8.439933777
-8.434494019
-8.415611267
-8.361843109
-8.288232803
-8.237026215
-8.294313431
-8.341041565
-8.418491364
-8.448255539
-8.434173584
-8.450496674
-8.436733246
-8.424251556
-8.358963013
-8.374965668
-8.282152176
-8.301034927
-8.345842361
-8.372724533
-8.406969070
-8.435453415
-8.445375443
-8.442495346
-8.439294815
-8.422332764
-8.401849747
-8.331760406
-8.260389328
-8.251428604
-8.248548508
-8.239267349
-8.239267349
-8.245986938
-8.274150848
-8.323118210
-8.326639175
-8.337200165
-8.417531967
-8.438653946
-8.408250809
-8.418491364
-8.421371460
-8.425533295
-8.430652618
-8.434173584
-8.432573318
-8.405689240
-8.380405426
-8.351602554
-8.324077606
-8.250148773
-8.225185394
-8.208862305
-8.209821701
-8.208541870
-8.228385925
-8.273511887
-8.286632538
-8.289514542
-8.284072876
-8.298475266
-8.357683182
-8.373365402
-8.390327454
-8.399929047
-8.422332764
-8.424892426
-8.430013657
-8.428733826
-8.421051025
-8.383287430
-8.360883713
-8.320558548
-8.317996979
-8.296234131
-8.270950317
-8.252067566
-8.241506577
-8.248228073
-8.273511887
-8.319276810
-8.349681854
-8.342960358
-8.397048950
-8.424251556
-8.441854477
-8.435773849
-8.425212860
-8.377845764
-8.373365402
-8.373685837
-8.356403351
-8.278951645
-8.301034927
-8.280231476
-8.250467300
-8.248228073
-8.248548508
-8.271591187
-8.326639175
-8.334320068
-8.329519272
-8.341360092
-8.368564606
-8.411769867
-8.424571991
-8.432252884
-8.435132980
-8.447296143
-8.448575974
-8.440895081
-8.404088974
-8.356082916
-8.330160141
-8.307756424
-8.247907639
-8.212383270
-8.208541870
-8.215583801
-8.239585876
-8.255588531
-8.283432007
-8.335920334
-8.367923737
-8.402488708
-8.400569916
-8.412731171
-8.419771194
-8.423292160
-8.421691895
-8.430652618
-8.428413391
-8.429693222
-8.427772522
-8.405368805
-8.350002289
-8.317996979
-8.278312683
-8.264869690
-8.241186142
-8.244707108
-8.272871017
-8.302955627
-8.325998306
-8.344242096
-8.364723206
-8.405689240
-8.414970398
-8.415931702
-8.436414719
-8.441215515
-8.431293488
-8.418811798
-8.356082916
-8.269670486
-8.251428604
-8.246307373
-8.247907639
-8.268390656
-8.302314758
-8.343921661
-8.355123520
-8.328878403
-8.328239441
-8.336879730
-8.351922989
-8.372406006
-8.378166199
-8.334320068
-8.290794373
-8.325038910
-8.367605209
-8.383287430
-8.413690567
-8.416891098
-8.419132233
-8.418811798
-8.419771194
-8.375286102
-8.346481323
-8.317358017
-8.322477341
-8.343921661
-8.360883713
-8.368564606
-8.368564606
-8.351602554
-8.321197510
-8.312236786
-8.342000961
-8.391286850
-8.410810471
-8.387767792
-8.335920334
-8.272871017
-8.241186142
-8.236066818
-8.229024887
-8.248867035
-8.279912949
-8.293354034
-8.316078186
-8.370164871
-8.384567261
-8.390968323
-8.415290833
-8.432893753
-8.440254211
-8.439615250
-8.415611267
-8.369524002
-8.323118210
-8.260709763
-8.209182739
-8.219102859
-8.210783005
-8.251749039
-8.276712418
-8.286314011
-8.341360092
-8.371765137
-8.382966995
-8.343280792
-8.309677124
-8.317996979
-8.368885040
-8.413370132
-8.421371460
-8.343921661
-8.333679199
-8.328239441
-8.300075531
-8.260389328
-8.245027542
-8.238946915
-8.260389328
-8.273191452
-8.270950317
-8.295595169
-8.353841782
-8.380086899
-8.391927719
-8.396728516
-8.422651291
-8.439615250
-8.439615250
-8.438014984
-8.428092957
-8.400569916
-8.361524582
-8.298154831
-8.236385345
-8.217823029
-8.210783005
-8.222623825
-8.244068146
-8.274791718
-8.313516617
-8.354162216
-8.371765137
-8.382646561
-8.408569336
-8.411451340
-8.417211533
-8.418491364
-8.422971725
-8.422651291
-8.424892426
-8.426492691
-8.417852402
-8.371124268
-8.362804413
-8.380725861
-8.357042313
-8.318637848
-8.298795700
-8.278631210
-8.253349304
-8.229345322
-8.245668411
-8.271911621
-8.320877075
-8.359283447
-8.363763809
-8.365684509
-8.389368057
-8.425851822
-8.405368805
-8.417211533
-8.418811798
-8.421051025
-8.423292160
-8.420091629
-8.409210205
-8.359603882
-8.322477341
-8.269990921
-8.254308701
-8.228704453
-8.252388000
-8.281513214
-8.287914276
-8.309995651
-8.369524002
-8.399288177
-8.414011002
-8.417852402
-8.416570663
-8.422971725
-8.390007019
-8.359283447
-8.287273407
-8.255588531
-8.230945587
-8.237667084
-8.294954300
-8.326639175
-8.363763809
-8.399929047
-8.405689240
-8.412731171
-8.418491364
-8.427133560
-8.405050278
-8.342321396
-8.262630463
-8.240547180
-8.248548508
-8.259750366
-8.324718475
-8.335279465
-8.346801758
-8.383287430
-8.437374115
-8.441854477
-8.415931702
-8.333360672
-8.252708435
-8.226144791
-8.209503174
-8.194780350
-8.207582474
-8.245668411
-8.274791718
-8.307115555
-8.360242844
-8.376886368
-8.395128250
-8.399608612
-8.410810471
-8.422651291
-8.425851822
-8.420732498
-8.403770447
-8.362483978
-8.321838379
-8.311595917
-8.301996231
-8.235425949
-8.236385345
-8.241827011
-8.259750366
-8.230304718
-8.259429932
-8.299755096
-8.352241516
-8.368564606
-8.380405426
-8.436094284
-8.430013657
-8.435132980
-8.412731171
-8.339759827
-8.253667831
-8.216543198
-8.216863632
-8.206621170
-8.262630463
-8.268070221
-8.296234131
-8.359603882
-8.366323471
-8.368885040
-8.381687164
-8.400569916
-8.414970398
-8.414011002
-8.421371460
-8.428413391
-8.430334091
-8.422971725
-8.366964340
-8.351922989
-8.344242096
-8.322477341
-8.260068893
-8.245668411
-8.235425949
-8.220384598
-8.263910294
-8.283752441

