31/07/2020 16:34:42
-8.272232056
-8.234466553
-8.266149521
-8.342641830
-8.370485306
-8.395128250
-8.396087646
-8.366004944
-8.347442627
-8.343921661
-8.353202820
-8.366964340
-8.381046295
-8.386487961
-8.389368057
-8.394807816
-8.369524002
-8.339759827
-8.330478668
-8.375606537
-8.422332764
-8.439615250
-8.428092957
-8.364723206
-8.325998306
-8.287593842
-8.268390656
-8.267110825
-8.285352707
-8.334320068
-8.382005692
-8.390327454
-8.377204895
-8.423292160
-8.425212860
-8.369205475
-8.301996231
-8.272550583
-8.271591187
-8.270631790
-8.268711090
-8.288553238
-8.314157486
-8.367605209
-8.397048950
-8.409210205
-8.420091629
-8.429052353
-8.436414719
-8.450496674
-8.419450760
-8.377845764
-8.333040237
-8.301034927
-8.270950317
-8.257509232
-8.262948990
-8.283432007
-8.335920334
-8.338800430
-8.357362747
-8.377525330
-8.384246826
-8.391927719
-8.389368057
-8.369844437
-8.335920334
-8.331119537
-8.370485306
-8.402488708
-8.390327454
-8.337520599
-8.331119537
-8.361524582
-8.385206223
-8.393207550
-8.389688492
-8.359603882
-8.333999634
-8.333999634
-8.382326126
-8.423933029
-8.397687912
-8.315437317
-8.259750366
-8.261350632
-8.266149521
-8.262630463
-8.318637848
-8.339441299
-8.380086899
-8.429052353
-8.433214188
-8.452096939
-8.463296890
-8.462657928
-8.463937759
-8.448896408
-8.416252136
-8.399288177
-8.379125595
-8.347122192
-8.275112152
-8.243106842
-8.234146118
-8.253028870
-8.278951645
-8.279592514
-8.284393311
-8.346801758
-8.408889771
-8.425851822
-8.432893753
-8.437374115
-8.467458725
-8.466178894
-8.462657928
-8.459457397
-8.446016312
-8.412090302
-8.384887695
-8.358324051
-8.311595917
-8.266469955
-8.230304718
-8.230625153
-8.228065491
-8.260709763
-8.270950317
-8.293994904
-8.298475266
-8.296875000
-8.358003616
-8.414970398
-8.408250809
-8.410490036
-8.417852402
-8.438014984
-8.442815781
-8.445375443
-8.445695877
-8.445375443
-8.436414719
-8.397048950
-8.328559875
-8.328878403
-8.323118210
-8.300395966
-8.264869690
-8.256229401
-8.260709763
-8.279592514
-8.319917679
-8.313837051
-8.365364075
-8.375925064
-8.410810471
-8.418170929
-8.422971725
-8.429052353
-8.439933777
-8.445695877
-8.443775177
-8.395448685
-8.283432007
-8.283113480
-8.276712418
-8.265830994
-8.269670486
-8.294954300
-8.348081589
-8.363763809
-8.345201492
-8.351282120
-8.403450012
-8.449855804
-8.453056335
-8.443454742
-8.444734573
-8.446655273
-8.447935104
-8.438653946
-8.391927719
-8.331439972
-8.277992249
-8.262948990
-8.262310028
-8.268070221
-8.285673141
-8.330799103
-8.368244171
-8.385206223
-8.415290833
-8.446334839
-8.463296890
-8.461057663
-8.450176239
-8.442495346
-8.448896408
-8.451135635
-8.436094284
-8.372085571
-8.355762482
-8.332719803
-8.249507904
-8.230625153
-8.229345322
-8.253349304
-8.283752441
-8.322797775
-8.377845764
-8.394807816
-8.418170929
-8.423933029
-8.443134308
-8.443454742
-8.444416046
-8.441215515
-8.407930374
-8.321197510
-8.279272079
-8.228065491
-8.271591187
-8.296554565
-8.355442047
-8.374645233
-8.423933029
-8.433214188
-8.438014984
-8.444734573
-8.464258194
-8.460098267
-8.452096939
-8.395769119
-8.305835724
-8.246627808
-8.247268677
-8.256549835
-8.305515289
-8.339120865
-8.353523254
-8.383287430
-8.431293488
-8.428733826
-8.441854477
-8.443775177
-8.449214935
-8.443454742
-8.427452087
-8.416891098
-8.358324051
-8.303596497
-8.248867035
-8.219102859
-8.227104187
-8.235105515
-8.284713745
-8.327598572
-8.349361420
-8.383926392
-8.407289505
-8.422332764
-8.434494019
-8.438014984
-8.440895081
-8.414331436
-8.326318741
-8.261030197
-8.260389328
-8.275751114
-8.321517944
-8.338159561
-8.403129578
-8.430013657
-8.429372787
-8.438653946
-8.444734573
-8.447935104
-8.447616577
-8.420732498
-8.317358017
-8.290153503
-8.262310028
-8.264230728
-8.263589859
-8.275432587
-8.308076859
-8.312557220
-8.343601227
-8.379766464
-8.413690567
-8.438333511
-8.448255539
-8.449214935
-8.448896408
-8.431293488
-8.368885040
-8.287273407
-8.234146118
-8.224224091
-8.219743729
-8.301355362
-8.287273407
-8.318317413
-8.364723206
-8.378805161
-8.405689240
-8.414331436
-8.426172256
-8.447296143
-8.444416046
-8.454015732
-8.446016312
-8.396408081
-8.340400696
-8.298795700
-8.259750366
-8.221023560
-8.216863632
-8.223264694
-8.261350632
-8.283113480
-8.305835724
-8.331439972
-8.422332764
-8.431934357
-8.435132980
-8.440574646
-8.440254211
-8.445375443
-8.443134308
-8.429052353
-8.381046295
-8.343601227
-8.300714493
-8.261350632
-8.254629135
-8.252708435
-8.259109497
-8.283752441
-8.325677872
-8.376886368
-8.405368805
-8.435773849
-8.442815781
-8.452096939
-8.450496674
-8.432893753
-8.398649216
-8.330799103
-8.253667831
-8.250467300
-8.222944260
-8.242467880
-8.264549255
-8.277671814
-8.288553238
-8.347761154
-8.374006271
-8.388088226
-8.418811798
-8.420091629
-8.429372787
-8.434494019
-8.431293488
-8.413690567
-8.374324799
-8.318958282
-8.261030197
-8.250148773
-8.230304718
-8.230625153
-8.282793045
-8.308715820
-8.323759079
-8.394168854
-8.394807816
-8.403450012
-8.400249481
-8.414651871
-8.431934357
-8.431934357
-8.436094284
-8.433534622
-8.420091629
-8.390327454
-8.367284775
-8.318317413
-8.277030945
-8.281513214
-8.291112900
-8.305194855
-8.313196182
-8.333999634
-8.374965668
-8.414331436
-8.422971725
-8.440254211
-8.452735901
-8.453056335
-8.410490036
-8.307115555
-8.301355362
-8.300395966
-8.294954300
-8.280551910
-8.222303391
-8.216863632
-8.232225418
-8.264549255
-8.307756424
-8.328559875
-8.372085571
-8.399288177
-8.409530640
-8.453697205
-8.432573318
-8.429052353
-8.430652618
-8.419771194
-8.354162216
-8.335599899
-8.282152176
-8.268390656
-8.235105515
-8.208862305
-8.209821701
-8.235105515
-8.288873672
-8.322158813
-8.342000961
-8.369844437
-8.393527985
-8.406330109
-8.420732498
-8.420732498
-8.424892426
-8.427452087
-8.422651291
-8.409851074
-8.345521927
-8.317037582
-8.273191452
-8.219102859
-8.207582474
-8.203422546
-8.225185394
-8.287273407
-8.297513962
-8.297513962
-8.312557220
-8.361204147
-8.385526657
-8.417852402
-8.423612595
-8.429052353
-8.428733826
-8.422012329
-8.376565933
-8.342000961
-8.301034927
-8.286952972
-8.253349304
-8.242147446
-8.250467300
-8.280872345
-8.333360672
-8.350322723
-8.363443375
-8.415290833
-8.432573318
-8.440574646
-8.440574646
-8.447616577
-8.444416046
-8.423933029
-8.370164871
-8.301675797
-8.264869690
-8.238946915
-8.222944260
-8.220703125
-8.240226746
-8.293674469
-8.321197510
-8.339441299
-8.345842361
-8.388088226
-8.411130905
-8.422012329
-8.425533295
-8.430652618
-8.428413391
-8.418170929
-8.395769119
-8.336559296
-8.284072876
-8.263910294
-8.251108170
-8.266149521
-8.292394638
-8.328239441
-8.384567261
-8.412410736
-8.422651291
-8.433853149
-8.453056335
-8.456577301
-8.450496674
-8.443454742
-8.417211533
-8.404729843
-8.410810471
-8.407289505
-8.352241516
-8.286952972
-8.261350632
-8.239267349
-8.222623825
-8.232225418
-8.271911621
-8.327598572
-8.349681854
-8.374965668
-8.405050278
-8.422332764
-8.430334091
-8.431934357
-8.432252884
-8.420412064
-8.418170929
-8.418491364
-8.382646561
-8.302635193
-8.287914276
-8.298154831
-8.293994904
-8.255588531
-8.248548508
-8.256229401
-8.277992249
-8.327598572
-8.364404678
-8.395769119
-8.428413391
-8.439933777
-8.444734573
-8.446334839
-8.424571991
-8.389688492
-8.332719803
-8.259109497
-8.233505249
-8.229986191
-8.229024887
-8.231904984
-8.230945587
-8.243427277
-8.276712418
-8.345201492
-8.350961685
-8.360242844
-8.376245499
-8.404729843
-8.421051025
-8.429372787
-8.433534622
-8.426172256
-8.397369385
-8.330799103
-8.280231476
-8.258150101
-8.253667831
-8.255588531
-8.281831741
-8.282152176
-8.289194107
-8.338159561
-8.396087646
-8.398969650
-8.392887115
-8.398008347
-8.435132980
-8.444734573
-8.444734573
-8.446016312
-8.441534042
-8.415931702
-8.370164871
-8.305515289
-8.251749039
-8.225824356
-8.225824356
-8.246307373
-8.273832321
-8.333679199
-8.350322723
-8.374006271
-8.376886368
-8.395128250

