31/07/2020	16:30
######	######	######	######
Input parameter	Value		
Start phase (Rad)	0.0000000000
Phase step (Rad)	1.0000000000
End phase (Rad)	50.0000000000
Pulse 1 start time after trigger (ms)	0.1200000000
Pulse 2 start time after trigger (ms)	0.7200000000
Loop averages	1.0000000000
Sweep rate (Hz/s)	0.0000000000
k_eff  (m^-1)	0.0000000000
Pi pulse (us)	4.5000000000
Pulse separation  (ms)	3.0000000000
######	######	######	######	######
Laser phase (deg)	Average1	Standard Deviation	Average Population	Best fit
50.000	0.165	NaN	0.165	0.173
49.000	0.185	NaN	0.185	0.170
48.000	0.166	NaN	0.166	0.172
47.000	0.183	NaN	0.183	0.176
46.000	0.199	NaN	0.199	0.180
45.000	0.176	NaN	0.176	0.179
44.000	0.192	NaN	0.192	0.175
43.000	0.185	NaN	0.185	0.171
42.000	0.170	NaN	0.170	0.171
41.000	0.156	NaN	0.156	0.175
40.000	0.192	NaN	0.192	0.179
39.000	0.173	NaN	0.173	0.180
38.000	0.184	NaN	0.184	0.176
37.000	0.179	NaN	0.179	0.171
36.000	0.158	NaN	0.158	0.170
35.000	0.191	NaN	0.191	0.174
34.000	0.162	NaN	0.162	0.178
33.000	0.198	NaN	0.198	0.180
32.000	0.156	NaN	0.156	0.177
31.000	0.172	NaN	0.172	0.173
30.000	0.170	NaN	0.170	0.170
29.000	0.196	NaN	0.196	0.172
28.000	0.200	NaN	0.200	0.177
27.000	0.171	NaN	0.171	0.180
26.000	0.168	NaN	0.168	0.179
25.000	0.172	NaN	0.172	0.174
24.000	0.177	NaN	0.177	0.170
23.000	0.159	NaN	0.159	0.171
22.000	0.193	NaN	0.193	0.176
21.000	0.169	NaN	0.169	0.180
20.000	0.186	NaN	0.186	0.179
19.000	0.161	NaN	0.161	0.175
18.000	0.177	NaN	0.177	0.171
17.000	0.176	NaN	0.176	0.171
16.000	0.165	NaN	0.165	0.174
15.000	0.164	NaN	0.164	0.179
14.000	0.198	NaN	0.198	0.180
13.000	0.170	NaN	0.170	0.177
12.000	0.163	NaN	0.163	0.172
11.000	0.154	NaN	0.154	0.170
10.000	0.155	NaN	0.155	0.173
9.000	0.171	NaN	0.171	0.178
8.000	0.160	NaN	0.160	0.180
7.000	0.177	NaN	0.177	0.178
6.000	0.184	NaN	0.184	0.173
5.000	0.178	NaN	0.178	0.170
4.000	0.189	NaN	0.189	0.172
3.000	0.172	NaN	0.172	0.177
2.000	0.159	NaN	0.159	0.180
1.000	0.170	NaN	0.170	0.179
0.000	0.184	NaN	0.184	0.175
######	######	######	######
Output parameter	Value		
Backgroud signal (V) 	5.3616589
SSE goodness of fit	0.0086228
R-square goodness of fit	-0.0072022
Fitted amplitude	0.0100000
Fitted offset	0.1751569
Centre phase (deg)	1.7014906
Centre phase (rad)	1.7014906
