31/07/2020 16:32:04
-8.447935104
-8.429052353
-8.431613922
-8.428092957
-8.413370132
-8.391286850
-8.357042313
-8.314796448
-8.233505249
-8.237667084
-8.251749039
-8.267749786
-8.268070221
-8.269350052
-8.267749786
-8.305515289
-8.309677124
-8.350002289
-8.375925064
-8.419771194
-8.438014984
-8.444416046
-8.440895081
-8.441854477
-8.443775177
-8.438653946
-8.418170929
-8.358324051
-8.297513962
-8.256549835
-8.224864960
-8.213342667
-8.236385345
-8.285352707
-8.317678452
-8.333999634
-8.364084244
-8.399608612
-8.416891098
-8.421371460
-8.419771194
-8.425533295
-8.425533295
-8.429372787
-8.428413391
-8.403770447
-8.333999634
-8.312236786
-8.308395386
-8.285352707
-8.248867035
-8.242147446
-8.252388000
-8.278312683
-8.311916351
-8.341041565
-8.383287430
-8.417852402
-8.428413391
-8.432573318
-8.443454742
-8.449535370
-8.451776505
-8.444416046
-8.406009674
-8.340721130
-8.322797775
-8.322477341
-8.277992249
-8.222944260
-8.203741074
-8.204061508
-8.230304718
-8.265510559
-8.288553238
-8.324718475
-8.361524582
-8.390327454
-8.406009674
-8.418491364
-8.424892426
-8.427133560
-8.413051605
-8.371124268
-8.344881058
-8.337841034
-8.296875000
-8.245668411
-8.233184814
-8.243747711
-8.278312683
-8.327278137
-8.339120865
-8.343921661
-8.353523254
-8.392568588
-8.414011002
-8.420412064
-8.431934357
-8.440254211
-8.445375443
-8.440895081
-8.411451340
-8.370805740
-8.327919006
-8.265190125
-8.215263367
-8.199901581
-8.208862305
-8.250787735
-8.276712418
-8.285032272
-8.294954300
-8.342000961
-8.375606537
-8.385847092
-8.400249481
-8.416252136
-8.424892426
-8.427452087
-8.425212860
-8.409210205
-8.374324799
-8.343921661
-8.282793045
-8.244386673
-8.239267349
-8.244068146
-8.275751114
-8.306476593
-8.311916351
-8.331760406
-8.377845764
-8.410490036
-8.423612595
-8.425851822
-8.438014984
-8.449535370
-8.448575974
-8.437694550
-8.395448685
-8.344242096
-8.294313431
-8.239585876
-8.209182739
-8.203422546
-8.220384598
-8.261350632
-8.284713745
-8.318637848
-8.367923737
-8.390007019
-8.392568588
-8.414331436
-8.420732498
-8.424251556
-8.429372787
-8.426172256
-8.395769119
-8.341041565
-8.315116882
-8.294313431
-8.261350632
-8.238626480
-8.245027542
-8.267110825
-8.303596497
-8.338159561
-8.369844437
-8.411130905
-8.436414719
-8.436094284
-8.435773849
-8.443454742
-8.447296143
-8.449535370
-8.438014984
-8.388406754
-8.326318741
-8.306156158
-8.278951645
-8.230304718
-8.205982208
-8.205020905
-8.217184067
-8.260068893
-8.293033600
-8.331760406
-8.362163544
-8.387767792
-8.406330109
-8.419771194
-8.425533295
-8.428413391
-8.425851822
-8.384246826
-8.356403351
-8.371444702
-8.292074203
-8.229024887
-8.208221436
-8.197021484
-8.200222015
-8.229986191
-8.268390656
-8.291112900
-8.309995651
-8.341680527
-8.381046295
-8.399929047
-8.418491364
-8.426172256
-8.429693222
-8.425851822
-8.395128250
-8.360242844
-8.343921661
-8.301996231
-8.252388000
-8.235746384
-8.233184814
-8.239267349
-8.281513214
-8.314796448
-8.319276810
-8.326639175
-8.378166199
-8.421051025
-8.426813126
-8.430013657
-8.435453415
-8.447935104
-8.446655273
-8.430334091
-8.376565933
-8.317037582
-8.262948990
-8.220703125
-8.206621170
-8.215583801
-8.249507904
-8.288873672
-8.286632538
-8.297834396
-8.351602554
-8.376886368
-8.388406754
-8.386806488
-8.393848419
-8.418811798
-8.426172256
-8.427133560
-8.426813126
-8.417531967
-8.393527985
-8.351922989
-8.293674469
-8.260709763
-8.246307373
-8.253667831
-8.275432587
-8.289514542
-8.317358017
-8.368564606
-8.405368805
-8.415611267
-8.415931702
-8.434814453
-8.449535370
-8.454336166
-8.452096939
-8.442174911
-8.416570663
-8.397048950
-8.378486633
-8.328559875
-8.265510559
-8.231586456
-8.219102859
-8.222944260
-8.248228073
-8.279592514
-8.333679199
-8.368885040
-8.381046295
-8.406330109
-8.422971725
-8.431934357
-8.435132980
-8.431613922
-8.408250809
-8.387126923
-8.379125595
-8.356082916
-8.292394638
-8.259750366
-8.248867035
-8.250148773
-8.274150848
-8.297195435
-8.333679199
-8.383926392
-8.410490036
-8.427772522
-8.439615250
-8.450496674
-8.455936432
-8.449855804
-8.418170929
-8.351922989
-8.334320068
-8.323118210
-8.270631790
-8.216543198
-8.205020905
-8.208221436
-8.223585129
-8.248228073
-8.272232056
-8.299755096
-8.333679199
-8.370164871
-8.389368057
-8.414331436
-8.426172256
-8.431613922
-8.431293488
-8.405050278
-8.382326126
-8.376886368
-8.353523254
-8.286632538
-8.252708435
-8.252388000
-8.254949570
-8.256229401
-8.302635193
-8.309677124
-8.328878403
-8.387126923
-8.415290833
-8.427772522
-8.437694550
-8.445055008
-8.453056335
-8.446016312
-8.417852402
-8.378166199
-8.335279465
-8.267110825
-8.219743729
-8.208541870
-8.213342667
-8.236705780
-8.272550583
-8.268711090
-8.273511887
-8.324718475
-8.358963013
-8.372406006
-8.369205475
-8.379766464
-8.413370132
-8.423933029
-8.427133560
-8.428413391
-8.431613922
-8.430334091
-8.415931702
-8.371124268
-8.330160141
-8.295274734
-8.259750366
-8.249187469
-8.243427277
-8.254629135
-8.285993576
-8.342000961
-8.357362747
-8.367605209
-8.404088974
-8.440895081
-8.447296143
-8.446016312
-8.441534042
-8.448255539
-8.454336166
-8.451135635
-8.430652618
-8.378166199
-8.325998306
-8.272550583
-8.227745056
-8.215263367
-8.230945587
-8.277030945
-8.327919006
-8.343601227
-8.382646561
-8.408569336
-8.424571991
-8.426492691
-8.426813126
-8.430652618
-8.430973053
-8.437053680
-8.419771194
-8.351602554
-8.329198837
-8.320238113
-8.265510559
-8.255268097
-8.249187469
-8.266149521
-8.297195435
-8.329198837
-8.360563278
-8.392248154
-8.427133560
-8.446975708
-8.445375443
-8.446334839
-8.449535370
-8.433534622
-8.383605957
-8.306795120
-8.247268677
-8.228065491
-8.225824356
-8.225824356
-8.223903656
-8.229024887
-8.270950317
-8.307435989
-8.332719803
-8.351282120
-8.361843109
-8.379446030
-8.390647888
-8.405050278
-8.422012329
-8.429693222
-8.432893753
-8.434173584
-8.425851822
-8.400569916
-8.412410736
-8.345201492
-8.286952972
-8.226144791
-8.212703705
-8.227745056
-8.229345322
-8.251428604
-8.260068893
-8.301675797
-8.337200165
-8.368885040
-8.385526657
-8.410169601
-8.423933029
-8.429052353
-8.430652618
-8.422651291
-8.406330109
-8.411130905
-8.385206223
-8.307435989
-8.270631790
-8.258468628
-8.254308701
-8.253028870
-8.266790390
-8.271270752
-8.265190125
-8.301675797
-8.302314758
-8.333040237
-8.369205475
-8.391607285
-8.414970398
-8.426813126
-8.430652618
-8.428733826
-8.414331436
-8.361204147
-8.295913696
-8.262310028
-8.257829666
-8.252067566
-8.262948990
-8.266790390
-8.245668411
-8.258150101
-8.303276062
-8.358963013
-8.384246826
-8.402170181
-8.427133560
-8.430973053
-8.431613922
-8.428413391
-8.422971725
-8.396728516
-8.344242096
-8.284713745
-8.273832321
-8.265190125
-8.252388000
-8.246627808
-8.230945587
-8.255588531
-8.316396713
-8.339441299
-8.330799103
-8.377525330
-8.403129578
-8.421691895
-8.427452087
-8.428092957
-8.427772522
-8.430334091
-8.431613922
-8.428413391
-8.406330109
-8.363122940
-8.331760406
-8.288553238
-8.255908966
-8.264869690
-8.231586456
-8.280551910
-8.322477341
-8.328559875
-8.354162216
-8.412731171
-8.430334091
-8.433853149
-8.429372787
-8.429372787
-8.428413391
-8.437374115
-8.410169601
-8.369844437
-8.319276810
-8.279592514
-8.247268677
-8.228704453
-8.212383270
-8.221343994
-8.251108170
-8.276071548
-8.293033600
-8.332399368
-8.348722458
-8.376245499
-8.376245499
-8.384567261
-8.415931702
-8.424251556
-8.419771194
-8.427452087
-8.430652618
-8.429052353
-8.384567261
-8.351922989
-8.285352707
-8.252708435
-8.248867035
-8.245027542
-8.265510559
-8.294313431
-8.328239441
-8.379446030
-8.407289505
-8.415290833
-8.431613922
-8.445695877
-8.453376770
-8.455936432
-8.446016312
-8.439615250
-8.423933029
-8.424892426
-8.421691895
-8.386487961
-8.333999634
-8.308076859
-8.293033600
-8.252388000
-8.214303970
-8.215583801
-8.244386673
-8.281831741
-8.314157486
-8.336240768
-8.373365402
-8.397369385
-8.407930374
-8.423612595

