31/07/2020 16:32:16
-8.246627808
-8.267110825
-8.231266022
-8.242467880
-8.237667084
-8.260389328
-8.306476593
-8.342000961
-8.367605209
-8.375606537
-8.399929047
-8.430652618
-8.437694550
-8.439933777
-8.418491364
-8.415931702
-8.422012329
-8.413051605
-8.388088226
-8.355442047
-8.326639175
-8.319597244
-8.259750366
-8.231586456
-8.207262039
-8.202461243
-8.223585129
-8.263910294
-8.295274734
-8.357683182
-8.370164871
-8.419132233
-8.416570663
-8.383926392
-8.401849747
-8.379446030
-8.333040237
-8.266790390
-8.236066818
-8.223264694
-8.228385925
-8.237985611
-8.256229401
-8.283113480
-8.330160141
-8.350641251
-8.346160889
-8.358642578
-8.386487961
-8.409851074
-8.410169601
-8.405050278
-8.392887115
-8.398969650
-8.334640503
-8.309995651
-8.257509232
-8.238626480
-8.233184814
-8.228065491
-8.234785080
-8.248548508
-8.248228073
-8.263910294
-8.281831741
-8.293354034
-8.318637848
-8.349040985
-8.367284775
-8.409530640
-8.415611267
-8.429052353
-8.435773849
-8.438653946
-8.428092957
-8.394168854
-8.360242844
-8.355442047
-8.340080261
-8.272550583
-8.220064163
-8.203422546
-8.198301315
-8.202781677
-8.221343994
-8.256549835
-8.311277390
-8.333679199
-8.360563278
-8.385206223
-8.399608612
-8.409851074
-8.412090302
-8.411451340
-8.398008347
-8.390647888
-8.389047623
-8.344881058
-8.277351379
-8.254949570
-8.250467300
-8.240547180
-8.229024887
-8.234146118
-8.249828339
-8.282472610
-8.326639175
-8.353523254
-8.375286102
-8.407609940
-8.421371460
-8.424892426
-8.426813126
-8.423612595
-8.413370132
-8.395448685
-8.335599899
-8.262630463
-8.243427277
-8.237346649
-8.211742401
-8.192220688
-8.191579819
-8.195739746
-8.224224091
-8.264869690
-8.281831741
-8.313516617
-8.344242096
-8.369205475
-8.387126923
-8.401529312
-8.411451340
-8.416252136
-8.415290833
-8.385847092
-8.335920334
-8.321197510
-8.299434662
-8.245668411
-8.229986191
-8.220064163
-8.225503922
-8.243427277
-8.272871017
-8.292074203
-8.303596497
-8.339759827
-8.384887695
-8.402170181
-8.415611267
-8.427772522
-8.432252884
-8.429372787
-8.402170181
-8.357362747
-8.332399368
-8.293674469
-8.226785660
-8.194139481
-8.189020157
-8.198940277
-8.228704453
-8.261030197
-8.254629135
-8.263910294
-8.314796448
-8.341041565
-8.353841782
-8.358642578
-8.384246826
-8.403770447
-8.409530640
-8.413690567
-8.411769867
-8.398328781
-8.354482651
-8.286314011
-8.259109497
-8.246948242
-8.233825684
-8.242786407
-8.242786407
-8.240547180
-8.262948990
-8.316078186
-8.346481323
-8.337200165
-8.382005692
-8.414651871
-8.431934357
-8.435773849
-8.434494019
-8.430334091
-8.417531967
-8.387767792
-8.338479996
-8.284393311
-8.242147446
-8.210462570
-8.201822281
-8.211103439
-8.245347977
-8.303915024
-8.336879730
-8.342641830
-8.356082916
-8.393848419
-8.403770447
-8.406969070
-8.405689240
-8.409210205
-8.411769867
-8.412090302
-8.410810471
-8.386806488
-8.319597244
-8.290473938
-8.255588531
-8.234785080
-8.233825684
-8.249187469
-8.292074203
-8.331439972
-8.341041565
-8.361524582
-8.407930374
-8.421371460
-8.421371460
-8.422012329
-8.431934357
-8.436094284
-8.426172256
-8.397369385
-8.325677872
-8.266790390
-8.247907639
-8.233505249
-8.207262039
-8.197660446
-8.217184067
-8.257509232
-8.300075531
-8.335920334
-8.366643906
-8.393848419
-8.403450012
-8.410169601
-8.414011002
-8.409210205
-8.409210205
-8.390007019
-8.318958282
-8.276391983
-8.262948990
-8.270950317
-8.252708435
-8.227745056
-8.226785660
-8.228065491
-8.245986938
-8.287273407
-8.308715820
-8.336879730
-8.378166199
-8.402170181
-8.417531967
-8.425212860
-8.434494019
-8.438653946
-8.437053680
-8.420732498
-8.368244171
-8.333360672
-8.317996979
-8.260389328
-8.200222015
-8.196380615
-8.192539215
-8.210783005
-8.240867615
-8.263589859
-8.288873672
-8.335279465
-8.369844437
-8.380725861
-8.392568588
-8.407289505
-8.414331436
-8.417531967
-8.408889771
-8.374645233
-8.350322723
-8.303276062
-8.247268677
-8.229665756
-8.225503922
-8.229986191
-8.239906311
-8.266790390
-8.276712418
-8.282472610
-8.327598572
-8.379125595
-8.392248154
-8.401849747
-8.415290833
-8.430652618
-8.435132980
-8.430334091
-8.413370132
-8.388088226
-8.343280792
-8.266469955
-8.224224091
-8.219423294
-8.208862305
-8.210783005
-8.222623825
-8.263269424
-8.304555893
-8.346481323
-8.365684509
-8.371444702
-8.384567261
-8.406330109
-8.413051605
-8.416891098
-8.415611267
-8.409210205
-8.384887695
-8.334959030
-8.276712418
-8.250787735
-8.236385345
-8.241506577
-8.260068893
-8.263589859
-8.274791718
-8.314796448
-8.374645233
-8.388727188
-8.384246826
-8.400249481
-8.432573318
-8.438014984
-8.427133560
-8.431934357
-8.424571991
-8.399288177
-8.370485306
-8.319597244
-8.259109497
-8.219102859
-8.202781677
-8.204061508
-8.221343994
-8.257509232
-8.309036255
-8.337200165
-8.340721130
-8.363763809
-8.395448685
-8.407609940
-8.411769867
-8.408250809
-8.414970398
-8.417211533
-8.421371460
-8.420732498
-8.408250809
-8.359283447
-8.326318741
-8.294954300
-8.255588531
-8.232545853
-8.236705780
-8.262630463
-8.299755096
-8.328878403
-8.366643906
-8.404409409
-8.424892426
-8.427133560
-8.426172256
-8.438974380
-8.442815781
-8.430334091
-8.410810471
-8.351282120
-8.301034927
-8.290153503
-8.271591187
-8.219423294
-8.194139481
-8.195421219
-8.211103439
-8.252067566
-8.286314011
-8.316078186
-8.355762482
-8.377204895
-8.396408081
-8.409530640
-8.418491364
-8.421371460
-8.419132233
-8.394168854
-8.345521927
-8.328878403
-8.327598572
-8.280551910
-8.238626480
-8.228385925
-8.225185394
-8.236385345
-8.253988266
-8.269990921
-8.287914276
-8.318637848
-8.366004944
-8.392568588
-8.406969070
-8.427133560
-8.436414719
-8.434814453
-8.426492691
-8.382646561
-8.348722458
-8.314477921
-8.250148773
-8.201822281
-8.189659119
-8.196380615
-8.218143463
-8.244707108
-8.267749786
-8.292074203
-8.342641830
-8.369205475
-8.382326126
-8.398328781
-8.412090302
-8.417531967
-8.416570663
-8.408889771
-8.387447357
-8.349361420
-8.300395966
-8.248867035
-8.226144791
-8.227104187
-8.235746384
-8.258468628
-8.275112152
-8.265510559
-8.300395966
-8.359603882
-8.384246826
-8.392568588
-8.392248154
-8.404729843
-8.427452087
-8.432573318
-8.432573318
-8.436733246
-8.438653946
-8.428733826
-8.390007019
-8.350961685
-8.341680527
-8.331439972
-8.275432587
-8.212062836
-8.197660446
-8.218784332
-8.244707108
-8.318958282
-8.300395966
-8.342321396
-8.381046295
-8.396408081
-8.405689240
-8.410490036
-8.417531967
-8.415931702
-8.405368805
-8.373365402
-8.318637848
-8.277671814
-8.245668411
-8.234146118
-8.237346649
-8.255588531
-8.305835724
-8.336879730
-8.315757751
-8.363443375
-8.379446030
-8.399288177
-8.406650543
-8.412410736
-8.416252136
-8.411451340
-8.408569336
-8.402488708
-8.352241516
-8.264869690
-8.251749039
-8.239906311
-8.237667084
-8.248228073
-8.280551910
-8.336879730
-8.356082916
-8.372406006
-8.398969650
-8.430973053
-8.419450760
-8.436414719
-8.430334091
-8.410169601
-8.403450012
-8.402809143
-8.384246826
-8.332399368
-8.277351379
-8.259750366
-8.244068146
-8.213663101
-8.197340012
-8.201501846
-8.217504501
-8.252067566
-8.286632538
-8.297834396
-8.328239441
-8.350961685
-8.364723206
-8.391286850
-8.408250809
-8.409210205
-8.422651291
-8.407609940
-8.356403351
-8.344881058
-8.318958282
-8.264230728
-8.231586456
-8.228704453
-8.224864960
-8.238306046
-8.266469955
-8.287593842
-8.312557220
-8.338800430
-8.369205475
-8.395769119
-8.412090302
-8.429372787
-8.438974380
-8.435132980
-8.418491364
-8.366004944
-8.333360672
-8.289194107
-8.230945587
-8.195739746
-8.188058853
-8.193180084
-8.218463898
-8.251749039
-8.320238113
-8.326959610
-8.364723206
-8.387126923
-8.398969650
-8.409530640
-8.411769867
-8.419132233
-8.410169601
-8.373685837
-8.339759827
-8.309995651
-8.268070221
-8.234146118
-8.223585129
-8.236705780
-8.262310028
-8.311916351
-8.330160141
-8.324398041
-8.350002289
-8.387447357
-8.407930374
-8.414331436
-8.422651291
-8.431934357
-8.440574646
-8.437053680

