31/07/2020 16:31:58
-8.420732498
-8.439933777
-8.437694550
-8.424251556
-8.372406006
-8.299434662
-8.278312683
-8.277992249
-8.248548508
-8.238626480
-8.232545853
-8.236705780
-8.268711090
-8.312236786
-8.333999634
-8.350961685
-8.374645233
-8.411451340
-8.424892426
-8.418811798
-8.420732498
-8.418491364
-8.397369385
-8.333040237
-8.302314758
-8.283752441
-8.268711090
-8.245027542
-8.231266022
-8.229024887
-8.237667084
-8.259429932
-8.295274734
-8.300075531
-8.296875000
-8.335599899
-8.375606537
-8.386167526
-8.390327454
-8.399929047
-8.415931702
-8.423292160
-8.422971725
-8.421371460
-8.412410736
-8.376886368
-8.312236786
-8.264230728
-8.247587204
-8.238946915
-8.259429932
-8.281192780
-8.280872345
-8.306476593
-8.363122940
-8.391286850
-8.396728516
-8.388406754
-8.409530640
-8.438974380
-8.430973053
-8.436414719
-8.429372787
-8.402809143
-8.387767792
-8.353202820
-8.303276062
-8.257188797
-8.222303391
-8.209503174
-8.210142136
-8.223585129
-8.261669159
-8.312877655
-8.331439972
-8.329519272
-8.366004944
-8.395769119
-8.406009674
-8.415290833
-8.413051605
-8.418170929
-8.420732498
-8.421051025
-8.412410736
-8.362483978
-8.332078934
-8.311595917
-8.300075531
-8.276712418
-8.254308701
-8.250148773
-8.240547180
-8.238626480
-8.241186142
-8.258789062
-8.296554565
-8.340721130
-8.353841782
-8.356403351
-8.392248154
-8.426813126
-8.434814453
-8.432893753
-8.431934357
-8.437694550
-8.443454742
-8.439933777
-8.418491364
-8.369844437
-8.332078934
-8.286952972
-8.238306046
-8.206621170
-8.201181412
-8.242467880
-8.248228073
-8.291433334
-8.319597244
-8.348402023
-8.378166199
-8.382966995
-8.382966995
-8.415931702
-8.417211533
-8.419450760
-8.421051025
-8.420412064
-8.413370132
-8.396728516
-8.353841782
-8.292394638
-8.253667831
-8.240867615
-8.240867615
-8.253667831
-8.268390656
-8.296875000
-8.331760406
-8.370805740
-8.383605957
-8.406330109
-8.417211533
-8.423292160
-8.425851822
-8.422012329
-8.390327454
-8.360563278
-8.353202820
-8.334320068
-8.293033600
-8.257509232
-8.241506577
-8.236705780
-8.254949570
-8.274150848
-8.309036255
-8.361843109
-8.383605957
-8.397048950
-8.412731171
-8.440574646
-8.434494019
-8.438333511
-8.413370132
-8.354162216
-8.341360092
-8.339441299
-8.303596497
-8.237346649
-8.206302643
-8.199901581
-8.211742401
-8.229665756
-8.254949570
-8.283752441
-8.313196182
-8.353202820
-8.376245499
-8.402170181
-8.414011002
-8.419132233
-8.421051025
-8.417852402
-8.406330109
-8.407289505
-8.398008347
-8.339120865
-8.291112900
-8.290794373
-8.241186142
-8.240226746
-8.253988266
-8.260068893
-8.271270752
-8.324718475
-8.373685837
-8.388727188
-8.404088974
-8.419771194
-8.435773849
-8.436094284
-8.435773849
-8.424892426
-8.395128250
-8.328239441
-8.255908966
-8.229024887
-8.222944260
-8.213983536
-8.208541870
-8.205982208
-8.230945587
-8.290794373
-8.326639175
-8.339441299
-8.335279465
-8.331760406
-8.388406754
-8.392887115
-8.398649216
-8.409210205
-8.415290833
-8.419450760
-8.419132233
-8.406330109
-8.384246826
-8.352561951
-8.294633865
-8.254629135
-8.230625153
-8.235746384
-8.253349304
-8.302635193
-8.279592514
-8.311595917
-8.374965668
-8.385206223
-8.392887115
-8.384887695
-8.424892426
-8.429372787
-8.440254211
-8.442174911
-8.437694550
-8.416252136
-8.371124268
-8.314157486
-8.246948242
-8.207902908
-8.194459915
-8.202461243
-8.219102859
-8.219102859
-8.277351379
-8.315757751
-8.367923737
-8.396087646
-8.396087646
-8.407609940
-8.441534042
-8.429372787
-8.442495346
-8.432252884
-8.392887115
-8.364404678
-8.325677872
-8.259750366
-8.208221436
-8.198621750
-8.234785080
-8.250467300
-8.262630463
-8.308715820
-8.354803085
-8.391927719
-8.383605957
-8.414331436
-8.424892426
-8.426813126
-8.414970398
-8.359283447
-8.296554565
-8.260389328
-8.222944260
-8.224224091
-8.219423294
-8.207262039
-8.220064163
-8.245668411
-8.282793045
-8.357683182
-8.403450012
-8.413051605
-8.438333511
-8.437374115
-8.439933777
-8.442495346
-8.430973053
-8.400569916
-8.327598572
-8.280551910
-8.245027542
-8.268711090
-8.313516617
-8.319276810
-8.318637848
-8.333679199
-8.383287430
-8.409210205
-8.426813126
-8.444416046
-8.448255539
-8.451135635
-8.445375443
-8.422012329
-8.391927719
-8.392887115
-8.318958282
-8.277351379
-8.283432007
-8.217504501
-8.213983536
-8.224224091
-8.231586456
-8.258150101
-8.316396713
-8.323759079
-8.325998306
-8.331119537
-8.342321396
-8.376245499
-8.410490036
-8.417531967
-8.416891098
-8.405689240
-8.380725861
-8.330478668
-8.289514542
-8.258789062
-8.221664429
-8.214303970
-8.199901581
-8.249187469
-8.285032272
-8.345842361
-8.378486633
-8.363443375
-8.395448685
-8.425212860
-8.448575974
-8.449214935
-8.444734573
-8.431293488
-8.397687912
-8.358642578
-8.308076859
-8.262948990
-8.224544525
-8.202781677
-8.204381943
-8.213022232
-8.237346649
-8.339759827
-8.388088226
-8.394487381
-8.425851822
-8.426813126
-8.430013657
-8.405689240
-8.349681854
-8.292394638
-8.205020905
-8.204381943
-8.195100784
-8.198940277
-8.196060181
-8.196701050
-8.216543198
-8.300714493
-8.299755096
-8.310956955
-8.316717148
-8.376886368
-8.385206223
-8.396728516
-8.404409409
-8.438333511
-8.433853149
-8.418170929
-8.366323471
-8.346481323
-8.342641830
-8.287593842
-8.242147446
-8.233825684
-8.232866287
-8.244068146
-8.261669159
-8.283113480
-8.310956955
-8.357362747
-8.402809143
-8.422971725
-8.447935104
-8.451135635
-8.452096939
-8.441215515
-8.416891098
-8.408889771
-8.388406754
-8.329519272
-8.269670486
-8.259109497
-8.223585129
-8.281831741
-8.290794373
-8.287273407
-8.309995651
-8.344242096
-8.414011002
-8.419450760
-8.419771194
-8.418811798
-8.415931702
-8.416252136
-8.405050278
-8.359603882
-8.247268677
-8.240547180
-8.268070221
-8.288232803
-8.328239441
-8.363443375
-8.405050278
-8.408889771
-8.410490036
-8.439294815
-8.413690567
-8.369205475
-8.296875000
-8.235746384
-8.236066818
-8.232545853
-8.232545853
-8.263910294
-8.268070221
-8.282793045
-8.305194855
-8.323118210
-8.320558548
-8.332078934
-8.382646561
-8.392568588
-8.405050278
-8.406650543
-8.424571991
-8.447616577
-8.426492691
-8.426172256
-8.406969070
-8.392568588
-8.383287430
-8.380086899
-8.326639175
-8.252067566
-8.250467300
-8.259750366
-8.276071548
-8.340400696
-8.391927719
-8.426813126
-8.443454742
-8.447935104
-8.445375443
-8.438653946
-8.412731171
-8.370164871
-8.297195435
-8.250467300
-8.230625153
-8.224544525
-8.225185394
-8.221664429
-8.216543198
-8.221664429
-8.245347977
-8.282472610
-8.306795120
-8.322477341
-8.366323471
-8.375606537
-8.380405426
-8.395128250
-8.415290833
-8.423292160
-8.408889771
-8.383287430
-8.301355362
-8.292394638
-8.261669159
-8.247268677
-8.239906311
-8.240867615
-8.265510559
-8.309677124
-8.376565933
-8.412731171
-8.429693222
-8.447616577
-8.437374115
-8.426172256
-8.367923737
-8.296554565
-8.233505249
-8.197660446
-8.202461243
-8.206621170
-8.203741074
-8.214622498
-8.316717148
-8.374006271
-8.406330109
-8.358324051
-8.305835724
-8.251749039
-8.235425949
-8.235425949
-8.245027542
-8.254308701
-8.268390656
-8.262630463
-8.290153503
-8.346160889
-8.392887115
-8.408250809
-8.423933029
-8.433853149
-8.443454742
-8.448255539
-8.442495346
-8.428092957
-8.404409409
-8.357683182
-8.282152176
-8.243106842
-8.238946915
-8.237667084
-8.245347977
-8.234146118
-8.276391983
-8.325677872
-8.381366730
-8.396408081
-8.395448685
-8.391286850
-8.414970398
-8.438974380
-8.434814453
-8.448255539
-8.444095612
-8.431934357
-8.403450012
-8.345842361
-8.292394638
-8.255908966
-8.227104187
-8.214303970
-8.211742401
-8.231266022
-8.286314011
-8.320877075
-8.321197510
-8.361843109
-8.382326126
-8.409851074
-8.419132233
-8.420732498
-8.423933029
-8.425533295
-8.420091629
-8.400569916
-8.341680527
-8.283752441
-8.260389328
-8.246307373
-8.246948242
-8.264549255
-8.293994904
-8.349040985
-8.383605957
-8.390327454
-8.406009674
-8.432893753
-8.444416046
-8.449535370
-8.442815781
-8.436733246
-8.418491364
-8.409530640

