31/07/2020 16:30:42
-8.440574646
-8.421371460
-8.421691895
-8.423292160
-8.416252136
-8.364723206
-8.346801758
-8.332719803
-8.309036255
-8.253028870
-8.239585876
-8.233505249
-8.250787735
-8.282793045
-8.278312683
-8.294633865
-8.352561951
-8.362483978
-8.368244171
-8.375606537
-8.404088974
-8.406009674
-8.406650543
-8.404729843
-8.398008347
-8.419771194
-8.426813126
-8.429052353
-8.427452087
-8.419771194
-8.405689240
-8.408250809
-8.400569916
-8.342321396
-8.281192780
-8.263589859
-8.263589859
-8.247907639
-8.237985611
-8.242467880
-8.241827011
-8.253667831
-8.277351379
-8.294633865
-8.328559875
-8.376245499
-8.400569916
-8.417531967
-8.431293488
-8.443454742
-8.450496674
-8.445055008
-8.422971725
-8.363763809
-8.347761154
-8.326959610
-8.265190125
-8.211742401
-8.199901581
-8.215263367
-8.226785660
-8.256868362
-8.282793045
-8.304876328
-8.337200165
-8.371124268
-8.398008347
-8.417531967
-8.423292160
-8.426813126
-8.422651291
-8.388088226
-8.356082916
-8.340080261
-8.285352707
-8.244386673
-8.228704453
-8.235425949
-8.255588531
-8.299755096
-8.302955627
-8.338479996
-8.371444702
-8.418811798
-8.430013657
-8.433534622
-8.434173584
-8.438014984
-8.443134308
-8.436414719
-8.406330109
-8.361204147
-8.314796448
-8.257829666
-8.213663101
-8.199260712
-8.206941605
-8.240226746
-8.283113480
-8.285673141
-8.297513962
-8.357683182
-8.372406006
-8.377845764
-8.376245499
-8.387447357
-8.413690567
-8.422332764
-8.424571991
-8.423612595
-8.424571991
-8.419450760
-8.396728516
-8.336879730
-8.300395966
-8.267431259
-8.245347977
-8.247907639
-8.254308701
-8.280551910
-8.332078934
-8.365043640
-8.378166199
-8.373365402
-8.390647888
-8.425533295
-8.436414719
-8.440574646
-8.438653946
-8.439933777
-8.439294815
-8.422012329
-8.375286102
-8.314796448
-8.269990921
-8.228704453
-8.206941605
-8.209821701
-8.231904984
-8.283113480
-8.320238113
-8.322797775
-8.343280792
-8.384887695
-8.400249481
-8.406330109
-8.410810471
-8.423292160
-8.425212860
-8.429052353
-8.428733826
-8.422651291
-8.397369385
-8.369844437
-8.327919006
-8.273511887
-8.245347977
-8.239267349
-8.253028870
-8.280551910
-8.301034927
-8.320877075
-8.361524582
-8.405368805
-8.417211533
-8.417531967
-8.426813126
-8.441534042
-8.447296143
-8.444734573
-8.431613922
-8.389688492
-8.373365402
-8.370164871
-8.343280792
-8.288553238
-8.250467300
-8.227424622
-8.210462570
-8.213342667
-8.226785660
-8.278312683
-8.318958282
-8.329519272
-8.349040985
-8.381687164
-8.406330109
-8.412410736
-8.412731171
-8.420732498
-8.423292160
-8.426172256
-8.425851822
-8.406009674
-8.341041565
-8.315757751
-8.305515289
-8.278951645
-8.242467880
-8.237985611
-8.243427277
-8.262948990
-8.298475266
-8.330799103
-8.373365402
-8.411130905
-8.418170929
-8.420412064
-8.431293488
-8.442174911
-8.444095612
-8.437694550
-8.397369385
-8.336879730
-8.323438644
-8.326318741
-8.280872345
-8.221984863
-8.202140808
-8.199901581
-8.214622498
-8.241506577
-8.269350052
-8.312557220
-8.344560623
-8.377845764
-8.399608612
-8.417852402
-8.423612595
-8.425533295
-8.423933029
-8.406009674
-8.383605957
-8.386167526
-8.364404678
-8.289833069
-8.254629135
-8.255588531
-8.246307373
-8.249507904
-8.262310028
-8.262948990
-8.259750366
-8.290473938
-8.340400696
-8.366004944
-8.389368057
-8.419450760
-8.433214188
-8.439294815
-8.440574646
-8.439933777
-8.432252884
-8.402809143
-8.331119537
-8.276071548
-8.260068893
-8.236705780
-8.208541870
-8.202461243
-8.196701050
-8.207902908
-8.255588531
-8.281831741
-8.291433334
-8.306795120
-8.338159561
-8.375606537
-8.386487961
-8.404088974
-8.414651871
-8.420412064
-8.422332764
-8.414011002
-8.386806488
-8.362163544
-8.317678452
-8.255908966
-8.233505249
-8.231904984
-8.239585876
-8.247587204
-8.266469955
-8.259429932
-8.282472610
-8.340721130
-8.382005692
-8.391607285
-8.401529312
-8.421371460
-8.437053680
-8.439294815
-8.433853149
-8.408889771
-8.373044968
-8.326959610
-8.263269424
-8.222944260
-8.207582474
-8.210783005
-8.232225418
-8.241186142
-8.251428604
-8.297834396
-8.342960358
-8.366643906
-8.375925064
-8.389688492
-8.413370132
-8.420091629
-8.422651291
-8.421051025
-8.407930374
-8.382646561
-8.336240768
-8.277671814
-8.243747711
-8.237346649
-8.253667831
-8.282472610
-8.296554565
-8.319917679
-8.368564606
-8.404729843
-8.409851074
-8.408889771
-8.421691895
-8.439933777
-8.445375443
-8.444416046
-8.434494019
-8.406650543
-8.379125595
-8.348402023
-8.288873672
-8.234146118
-8.211421967
-8.211742401
-8.227104187
-8.250467300
-8.283432007
-8.336879730
-8.360242844
-8.367923737
-8.391286850
-8.408569336
-8.419132233
-8.423292160
-8.420091629
-8.382005692
-8.371765137
-8.365043640
-8.342321396
-8.277992249
-8.249828339
-8.237667084
-8.237667084
-8.255268097
-8.272871017
-8.307115555
-8.349361420
-8.380405426
-8.402488708
-8.423612595
-8.438014984
-8.446334839
-8.443775177
-8.435773849
-8.411130905
-8.400569916
-8.403450012
-8.367284775
-8.292074203
-8.255908966
-8.259429932
-8.252067566
-8.218784332
-8.203422546
-8.212703705
-8.238626480
-8.293354034
-8.328239441
-8.362163544
-8.389688492
-8.405050278
-8.415931702
-8.421371460
-8.420091629
-8.416570663
-8.401849747
-8.334640503
-8.286952972
-8.286632538
-8.257509232
-8.234466553
-8.231586456
-8.267431259
-8.295595169
-8.358963013
-8.387447357
-8.396087646
-8.399288177
-8.411769867
-8.428092957
-8.446975708
-8.444734573
-8.440574646
-8.435453415
-8.428092957
-8.402809143
-8.359603882
-8.337200165
-8.309036255
-8.241506577
-8.212062836
-8.202461243
-8.208541870
-8.212703705
-8.217504501
-8.225185394
-8.241506577
-8.269990921
-8.324718475
-8.334320068
-8.341680527
-8.342000961
-8.356723785
-8.383287430
-8.398649216
-8.413690567
-8.422332764
-8.423612595
-8.405050278
-8.355442047
-8.365684509
-8.281513214
-8.254949570
-8.241506577
-8.230304718
-8.239267349
-8.267749786
-8.309995651
-8.317037582
-8.328559875
-8.358963013
-8.410169601
-8.422012329
-8.423612595
-8.427133560
-8.435453415
-8.446016312
-8.444734573
-8.435773849
-8.413051605
-8.395769119
-8.377204895
-8.320238113
-8.270631790
-8.245347977
-8.219743729
-8.218143463
-8.231586456
-8.229986191
-8.254949570
-8.305835724
-8.329198837
-8.365364075
-8.393848419
-8.415290833
-8.422971725
-8.426172256
-8.423933029
-8.412731171
-8.386487961
-8.344881058
-8.283432007
-8.250467300
-8.242786407
-8.241506577
-8.252067566
-8.246948242
-8.310956955
-8.353202820
-8.393848419
-8.408250809
-8.413370132
-8.429372787
-8.445375443
-8.450815201
-8.448255539
-8.438653946
-8.415290833
-8.391286850
-8.355762482
-8.286632538
-8.238306046
-8.221023560
-8.214622498
-8.224224091
-8.300075531
-8.321197510
-8.378166199
-8.404409409
-8.400249481
-8.406969070
-8.422651291
-8.438014984
-8.448255539
-8.445375443
-8.438014984
-8.436414719
-8.433214188
-8.429693222
-8.395128250
-8.336559296
-8.268070221
-8.217184067
-8.211103439
-8.218784332
-8.243747711
-8.287914276
-8.308076859
-8.330799103
-8.372085571
-8.396087646
-8.412731171
-8.419132233
-8.427772522
-8.422012329
-8.420412064
-8.422332764
-8.403770447
-8.337520599
-8.322797775
-8.299434662
-8.279592514
-8.244707108
-8.242147446
-8.251428604
-8.276071548
-8.327278137
-8.358963013
-8.392568588
-8.431934357
-8.437374115
-8.438014984
-8.439933777
-8.443775177
-8.446016312
-8.437374115
-8.390647888
-8.316078186
-8.301355362
-8.306795120
-8.257829666
-8.212383270
-8.211421967
-8.224864960
-8.277992249
-8.316717148
-8.335279465
-8.360563278
-8.386487961
-8.402809143
-8.413370132
-8.425851822
-8.426492691
-8.428092957
-8.426172256
-8.411130905
-8.385847092
-8.389368057
-8.340080261
-8.254949570
-8.209182739
-8.196060181
-8.202781677
-8.219102859
-8.237026215
-8.245347977
-8.240867615
-8.251428604
-8.293354034
-8.313196182
-8.331760406
-8.355123520
-8.379446030
-8.403450012
-8.415931702
-8.425851822
-8.428092957
-8.425533295
-8.388406754
-8.336879730
-8.318958282
-8.306795120
-8.265190125
-8.244068146
-8.234785080
-8.234466553

