31/07/2020 16:32:14
-8.250467300
-8.234785080
-8.281831741
-8.352561951
-8.310636520
-8.344560623
-8.379446030
-8.397687912
-8.396728516
-8.425533295
-8.428413391
-8.439615250
-8.423612595
-8.413690567
-8.390647888
-8.376245499
-8.360563278
-8.350641251
-8.357683182
-8.317996979
-8.263910294
-8.241506577
-8.232545853
-8.209821701
-8.196701050
-8.194459915
-8.218463898
-8.273832321
-8.338159561
-8.346801758
-8.383287430
-8.389688492
-8.389368057
-8.399929047
-8.423933029
-8.433853149
-8.433534622
-8.437694550
-8.431613922
-8.406330109
-8.374965668
-8.311916351
-8.245668411
-8.209503174
-8.208862305
-8.241827011
-8.269350052
-8.286632538
-8.305194855
-8.354803085
-8.376886368
-8.379766464
-8.393207550
-8.414970398
-8.420732498
-8.424251556
-8.420091629
-8.398649216
-8.384567261
-8.376886368
-8.324718475
-8.259109497
-8.240867615
-8.284713745
-8.304555893
-8.384567261
-8.400249481
-8.411130905
-8.411769867
-8.418811798
-8.401208878
-8.398008347
-8.392887115
-8.376886368
-8.333040237
-8.259109497
-8.239585876
-8.231904984
-8.212383270
-8.221023560
-8.228065491
-8.315116882
-8.380725861
-8.393848419
-8.402170181
-8.411130905
-8.412410736
-8.419450760
-8.430013657
-8.430652618
-8.434494019
-8.437374115
-8.429052353
-8.382966995
-8.298475266
-8.251749039
-8.233505249
-8.221343994
-8.205982208
-8.196060181
-8.210142136
-8.260389328
-8.301034927
-8.368885040
-8.358963013
-8.366643906
-8.379446030
-8.392568588
-8.392248154
-8.390647888
-8.417531967
-8.426172256
-8.434173584
-8.437694550
-8.430973053
-8.401529312
-8.357042313
-8.301355362
-8.258789062
-8.246627808
-8.201181412
-8.203422546
-8.199260712
-8.198621750
-8.208541870
-8.267110825
-8.277030945
-8.321517944
-8.386167526
-8.417531967
-8.418491364
-8.423612595
-8.421691895
-8.422012329
-8.414011002
-8.392248154
-8.340721130
-8.302314758
-8.259750366
-8.241506577
-8.243747711
-8.216543198
-8.255588531
-8.302955627
-8.328239441
-8.328878403
-8.326639175
-8.361843109
-8.414331436
-8.416570663
-8.411769867
-8.416252136
-8.423612595
-8.425212860
-8.424251556
-8.416252136
-8.378486633
-8.347442627
-8.304235458
-8.263269424
-8.258789062
-8.193820953
-8.207582474
-8.223903656
-8.214942932
-8.205661774
-8.221984863
-8.276391983
-8.302955627
-8.363122940
-8.414331436
-8.419771194
-8.405050278
-8.433214188
-8.437374115
-8.441215515
-8.438974380
-8.436733246
-8.435773849
-8.420732498
-8.393207550
-8.358003616
-8.315437317
-8.278631210
-8.238306046
-8.214942932
-8.205661774
-8.219743729
-8.224864960
-8.251108170
-8.303596497
-8.337520599
-8.344560623
-8.326318741
-8.398008347
-8.450815201
-8.451456070
-8.447296143
-8.439615250
-8.421371460
-8.400569916
-8.357362747
-8.296554565
-8.251749039
-8.228385925
-8.209503174
-8.205341339
-8.205020905
-8.219743729
-8.255588531
-8.289194107
-8.297195435
-8.324077606
-8.357042313
-8.387767792
-8.401529312
-8.413370132
-8.420412064
-8.383605957
-8.363122940
-8.316717148
-8.312877655
-8.351922989
-8.388406754
-8.377525330
-8.294954300
-8.269670486
-8.295595169
-8.310956955
-8.304235458
-8.309356689
-8.340080261
-8.377525330
-8.396728516
-8.396728516
-8.408569336
-8.418491364
-8.425533295
-8.424251556
-8.423612595
-8.408250809
-8.390968323
-8.368564606
-8.356723785
-8.334320068
-8.317996979
-8.317996979
-8.349040985
-8.383926392
-8.386487961
-8.281831741
-8.208221436
-8.203102112
-8.198940277
-8.211103439
-8.247587204
-8.262630463
-8.293033600
-8.294313431
-8.307115555
-8.361204147
-8.381687164
-8.391607285
-8.392248154
-8.399288177
-8.418170929
-8.423612595
-8.425851822
-8.426492691
-8.423612595
-8.415611267
-8.370485306
-8.307756424
-8.283432007
-8.273832321
-8.258468628
-8.259109497
-8.266149521
-8.335920334
-8.350322723
-8.383287430
-8.378486633
-8.382326126
-8.397048950
-8.430652618
-8.427452087
-8.422012329
-8.379125595
-8.341360092
-8.304876328
-8.298795700
-8.313196182
-8.286632538
-8.359924316
-8.379446030
-8.404088974
-8.412731171
-8.423292160
-8.429372787
-8.433853149
-8.430652618
-8.333679199
-8.314796448
-8.231904984
-8.245668411
-8.251108170
-8.249828339
-8.270631790
-8.292713165
-8.326959610
-8.353202820
-8.398328781
-8.407609940
-8.414651871
-8.423933029
-8.425851822
-8.425533295
-8.413370132
-8.360242844
-8.301355362
-8.285673141
-8.263589859
-8.242467880
-8.248228073
-8.238306046
-8.253667831
-8.299755096
-8.313516617
-8.322477341
-8.317358017
-8.341360092
-8.382646561
-8.375606537
-8.425851822
-8.429693222
-8.437694550
-8.444095612
-8.449855804
-8.450496674
-8.429693222
-8.405689240
-8.365684509
-8.302955627
-8.292713165
-8.260068893
-8.243747711
-8.254629135
-8.256868362
-8.263589859
-8.310956955
-8.372406006
-8.371124268
-8.398008347
-8.409530640
-8.439294815
-8.436414719
-8.439933777
-8.423292160
-8.391607285
-8.348722458
-8.279272079
-8.257829666
-8.229665756
-8.232545853
-8.244386673
-8.237985611
-8.277351379
-8.309036255
-8.354803085
-8.396408081
-8.404088974
-8.409210205
-8.439933777
-8.442174911
-8.445695877
-8.441854477
-8.437053680
-8.441215515
-8.440895081
-8.430013657
-8.394168854
-8.354482651
-8.316396713
-8.255268097
-8.233505249
-8.243427277
-8.272871017
-8.333360672
-8.347122192
-8.340721130
-8.388088226
-8.423933029
-8.440574646
-8.428092957
-8.447935104
-8.444095612
-8.442815781
-8.438014984
-8.431293488
-8.406650543
-8.369844437
-8.326959610
-8.268390656
-8.232866287
-8.215904236
-8.221984863
-8.294313431
-8.320558548
-8.379766464
-8.402488708
-8.434494019
-8.451776505
-8.447935104
-8.442495346
-8.443134308
-8.428092957
-8.384567261
-8.308715820
-8.260068893
-8.238306046
-8.210783005
-8.234146118
-8.271270752
-8.319276810
-8.333999634
-8.374324799
-8.385847092
-8.395448685
-8.437374115
-8.445375443
-8.404409409
-8.339441299
-8.285993576
-8.241506577
-8.240547180
-8.270311356
-8.291112900
-8.306156158
-8.356403351
-8.411451340
-8.420091629
-8.413051605
-8.415931702
-8.436414719
-8.444734573
-8.418170929
-8.421371460
-8.428413391
-8.423933029
-8.417531967
-8.389688492
-8.365364075
-8.305835724
-8.243427277
-8.235105515
-8.229986191
-8.227104187
-8.226785660
-8.259750366
-8.327278137
-8.337520599
-8.374324799
-8.399929047
-8.420732498
-8.421691895
-8.413051605
-8.405368805
-8.384567261
-8.309677124
-8.254949570
-8.213342667
-8.203102112
-8.213983536
-8.237026215
-8.319917679
-8.332719803
-8.357362747
-8.377525330
-8.407609940
-8.413690567
-8.420091629
-8.422332764
-8.404729843
-8.426172256
-8.409210205
-8.416570663
-8.357042313
-8.293033600
-8.272871017
-8.276391983
-8.237026215
-8.257829666
-8.220703125
-8.259429932
-8.292394638
-8.313196182
-8.330160141
-8.348081589
-8.423292160
-8.436094284
-8.438974380
-8.422332764
-8.365043640
-8.332719803
-8.294954300
-8.228704453
-8.217184067
-8.201822281
-8.233184814
-8.252708435
-8.279592514
-8.269670486
-8.278312683
-8.291433334
-8.323759079
-8.335599899
-8.407609940
-8.422332764
-8.439615250
-8.439615250
-8.436414719
-8.431934357
-8.390327454
-8.329519272
-8.310316086
-8.257509232
-8.234785080
-8.239585876
-8.221984863
-8.259109497
-8.253988266
-8.286632538
-8.334320068
-8.392887115
-8.391286850
-8.409530640
-8.422651291
-8.441215515
-8.449214935
-8.431934357
-8.428733826
-8.434814453
-8.444734573
-8.423292160
-8.357042313
-8.370164871
-8.308715820
-8.269350052
-8.227424622
-8.197980881
-8.191579819
-8.228065491
-8.283432007
-8.304235458
-8.324398041
-8.348402023
-8.386487961
-8.415931702
-8.427133560
-8.430652618
-8.432893753
-8.439615250
-8.416252136
-8.367923737
-8.334320068
-8.263589859
-8.244068146
-8.238626480
-8.269670486
-8.320238113
-8.363122940
-8.393848419
-8.405368805
-8.422332764
-8.424892426
-8.423933029
-8.423933029
-8.422332764
-8.417211533
-8.414970398
-8.415290833
-8.400888443
-8.378166199
-8.360563278
-8.325038910
-8.266149521
-8.240867615
-8.235425949
-8.231266022
-8.259109497
-8.288232803
-8.288553238
-8.327919006
-8.384567261
-8.426492691
-8.426172256
-8.424892426
-8.437374115
-8.441215515
-8.443134308

