31/07/2020 16:31:16
-8.434494019
-8.410810471
-8.419450760
-8.423292160
-8.424571991
-8.409851074
-8.358324051
-8.282152176
-8.255268097
-8.231586456
-8.212703705
-8.218784332
-8.285673141
-8.346801758
-8.380405426
-8.421691895
-8.427133560
-8.437694550
-8.428413391
-8.412731171
-8.390968323
-8.338479996
-8.306156158
-8.267110825
-8.257829666
-8.286952972
-8.307756424
-8.392887115
-8.429052353
-8.431613922
-8.435453415
-8.438974380
-8.433534622
-8.429693222
-8.404409409
-8.344560623
-8.293354034
-8.253667831
-8.247268677
-8.267110825
-8.305835724
-8.352882385
-8.388727188
-8.416252136
-8.421691895
-8.432573318
-8.443454742
-8.441215515
-8.419450760
-8.370485306
-8.356403351
-8.318958282
-8.259750366
-8.212703705
-8.199901581
-8.206941605
-8.254949570
-8.321517944
-8.343280792
-8.356082916
-8.392568588
-8.399288177
-8.421371460
-8.422971725
-8.422332764
-8.421051025
-8.360242844
-8.319276810
-8.286632538
-8.263269424
-8.262948990
-8.245668411
-8.229024887
-8.223264694
-8.204061508
-8.260709763
-8.370164871
-8.367923737
-8.389047623
-8.430013657
-8.438974380
-8.440574646
-8.441534042
-8.440574646
-8.431613922
-8.405689240
-8.355442047
-8.284713745
-8.242467880
-8.211103439
-8.196380615
-8.194780350
-8.208541870
-8.250787735
-8.296875000
-8.310956955
-8.336559296
-8.378166199
-8.399288177
-8.411451340
-8.414651871
-8.421371460
-8.411130905
-8.416891098
-8.370164871
-8.314157486
-8.279912949
-8.255588531
-8.241827011
-8.240547180
-8.250787735
-8.268711090
-8.309356689
-8.350322723
-8.380086899
-8.406650543
-8.434494019
-8.443775177
-8.443454742
-8.435453415
-8.420412064
-8.383926392
-8.386487961
-8.353841782
-8.256868362
-8.242147446
-8.242147446
-8.267749786
-8.289194107
-8.277030945
-8.312236786
-8.360563278
-8.390007019
-8.406650543
-8.411769867
-8.455297470
-8.454015732
-8.445375443
-8.418811798
-8.388088226
-8.350002289
-8.269350052
-8.212703705
-8.196380615
-8.198621750
-8.207582474
-8.236705780
-8.268070221
-8.287273407
-8.321197510
-8.377204895
-8.392568588
-8.406969070
-8.418811798
-8.429372787
-8.421051025
-8.405689240
-8.358963013
-8.290153503
-8.247907639
-8.241827011
-8.250148773
-8.282472610
-8.332719803
-8.377845764
-8.374324799
-8.407609940
-8.421691895
-8.446334839
-8.423612595
-8.424571991
-8.417211533
-8.388406754
-8.362163544
-8.315757751
-8.265510559
-8.227424622
-8.237985611
-8.263910294
-8.290473938
-8.307756424
-8.327598572
-8.363122940
-8.401529312
-8.416570663
-8.426813126
-8.437694550
-8.438974380
-8.438333511
-8.422651291
-8.376245499
-8.350961685
-8.352561951
-8.342321396
-8.270311356
-8.215904236
-8.202461243
-8.205341339
-8.217184067
-8.241506577
-8.278631210
-8.338159561
-8.360563278
-8.382005692
-8.399608612
-8.410810471
-8.423292160
-8.425533295
-8.415290833
-8.369844437
-8.334640503
-8.309995651
-8.268390656
-8.243747711
-8.238626480
-8.252708435
-8.303596497
-8.348081589
-8.374006271
-8.384567261
-8.407930374
-8.423933029
-8.430334091
-8.434173584
-8.441854477
-8.441854477
-8.428733826
-8.382326126
-8.345842361
-8.327278137
-8.270631790
-8.214942932
-8.197021484
-8.189659119
-8.201501846
-8.234785080
-8.258789062
-8.258150101
-8.257829666
-8.296554565
-8.340080261
-8.359924316
-8.380725861
-8.398649216
-8.414011002
-8.419132233
-8.421051025
-8.414970398
-8.401849747
-8.355762482
-8.282793045
-8.251749039
-8.245986938
-8.242147446
-8.256549835
-8.264230728
-8.243747711
-8.310316086
-8.337200165
-8.369524002
-8.373365402
-8.364404678
-8.381046295
-8.420091629
-8.430013657
-8.432573318
-8.438974380
-8.440254211
-8.437053680
-8.408889771
-8.352882385
-8.302635193
-8.256229401
-8.213022232
-8.197021484
-8.194780350
-8.218463898
-8.264869690
-8.293994904
-8.287593842
-8.291753769
-8.346801758
-8.369844437
-8.374006271
-8.381366730
-8.402170181
-8.417211533
-8.421691895
-8.422651291
-8.412090302
-8.373685837
-8.325998306
-8.269350052
-8.242786407
-8.239906311
-8.245668411
-8.285673141
-8.309677124
-8.325359344
-8.370805740
-8.416252136
-8.425212860
-8.421371460
-8.417531967
-8.435773849
-8.445055008
-8.447616577
-8.442174911
-8.421051025
-8.380405426
-8.359924316
-8.329519272
-8.271591187
-8.233505249
-8.216543198
-8.210783005
-8.217504501
-8.245986938
-8.289514542
-8.337520599
-8.352561951
-8.358963013
-8.391286850
-8.409851074
-8.420412064
-8.421371460
-8.420412064
-8.420091629
-8.417211533
-8.414970398
-8.390968323
-8.326318741
-8.292713165
-8.266149521
-8.241186142
-8.239267349
-8.245027542
-8.273832321
-8.325677872
-8.355762482
-8.371444702
-8.393527985
-8.424251556
-8.439933777
-8.440895081
-8.437053680
-8.438653946
-8.436414719
-8.437374115
-8.417852402
-8.358642578
-8.307115555
-8.281831741
-8.247587204
-8.211103439
-8.200860977
-8.220384598
-8.256868362
-8.298795700
-8.328878403
-8.368244171
-8.396087646
-8.405050278
-8.411769867
-8.418811798
-8.421051025
-8.422012329
-8.415611267
-8.362804413
-8.320238113
-8.312557220
-8.314157486
-8.273191452
-8.236705780
-8.233505249
-8.231266022
-8.252067566
-8.283113480
-8.313196182
-8.357683182
-8.403450012
-8.417531967
-8.423612595
-8.435132980
-8.443775177
-8.446975708
-8.438014984
-8.405050278
-8.356723785
-8.348722458
-8.332719803
-8.275432587
-8.213983536
-8.202461243
-8.212383270
-8.212703705
-8.216222763
-8.229345322
-8.237346649
-8.266149521
-8.306476593
-8.327598572
-8.360563278
-8.387126923
-8.401849747
-8.414651871
-8.420732498
-8.421371460
-8.421371460
-8.410810471
-8.349040985
-8.309036255
-8.319597244
-8.275112152
-8.230945587
-8.231586456
-8.221343994
-8.238946915
-8.302955627
-8.341360092
-8.360563278
-8.366004944
-8.386167526
-8.416252136
-8.428733826
-8.435132980
-8.439933777
-8.436414719
-8.409210205
-8.345842361
-8.303596497
-8.278312683
-8.239906311
-8.203102112
-8.189979553
-8.220703125
-8.248228073
-8.304555893
-8.325677872
-8.324398041
-8.343921661
-8.388088226
-8.400569916
-8.407930374
-8.415931702
-8.420412064
-8.415931702
-8.391607285
-8.332719803
-8.290473938
-8.258468628
-8.239267349
-8.236385345
-8.241186142
-8.262948990
-8.307756424
-8.348081589
-8.343601227
-8.373685837
-8.420412064
-8.431934357
-8.421051025
-8.435773849
-8.435132980
-8.430973053
-8.423292160
-8.406650543
-8.349040985
-8.286952972
-8.251108170
-8.218784332
-8.205020905
-8.216543198
-8.248228073
-8.302314758
-8.321517944
-8.338159561
-8.373685837
-8.394807816
-8.408569336
-8.408250809
-8.413370132
-8.418170929
-8.420732498
-8.420732498
-8.406969070
-8.349040985
-8.316396713
-8.298795700
-8.277992249
-8.246627808
-8.232545853
-8.237346649
-8.251749039
-8.280551910
-8.307435989
-8.335920334
-8.385206223
-8.416570663
-8.421691895
-8.430652618
-8.439933777
-8.446334839
-8.446655273
-8.436094284
-8.401849747
-8.363122940
-8.349361420
-8.317037582
-8.253667831
-8.213022232
-8.203422546
-8.210783005
-8.242467880
-8.264230728
-8.299434662
-8.341680527
-8.364084244
-8.384887695
-8.407930374
-8.417211533
-8.423933029
-8.425212860
-8.420091629
-8.397369385
-8.392568588
-8.391607285
-8.351602554
-8.283113480
-8.253349304
-8.246307373
-8.244068146
-8.241827011
-8.253667831
-8.272550583
-8.305194855
-8.350961685
-8.378166199
-8.402488708
-8.431613922
-8.439294815
-8.438014984
-8.436733246
-8.423292160
-8.410810471
-8.398008347
-8.340400696
-8.262630463
-8.250787735
-8.259109497
-8.233825684
-8.205020905
-8.199581146
-8.199581146
-8.228704453
-8.276391983
-8.301355362
-8.335279465
-8.366643906
-8.394168854
-8.407289505
-8.417211533
-8.420091629
-8.422651291
-8.416570663
-8.372406006
-8.330799103
-8.335920334
-8.309995651
-8.252388000
-8.235105515
-8.224864960
-8.242147446
-8.278312683
-8.311595917
-8.322158813
-8.313516617
-8.337520599
-8.385847092
-8.404088974
-8.417531967
-8.430652618
-8.437374115
-8.439615250
-8.428733826
-8.396087646
-8.363122940
-8.313837051
-8.239906311
-8.204381943
-8.198621750
-8.203741074
-8.222303391
-8.244068146
-8.237667084
-8.244068146
-8.295913696
-8.331119537
-8.348402023
-8.353523254

