31/07/2020 16:31:32
-8.403770447
-8.390647888
-8.412731171
-8.422971725
-8.428413391
-8.427452087
-8.412090302
-8.391607285
-8.396728516
-8.392248154
-8.335920334
-8.276391983
-8.254949570
-8.247268677
-8.249828339
-8.261350632
-8.282472610
-8.317996979
-8.364084244
-8.397687912
-8.416570663
-8.432252884
-8.447935104
-8.449214935
-8.442174911
-8.413690567
-8.382966995
-8.378166199
-8.350002289
-8.277351379
-8.228385925
-8.216863632
-8.215263367
-8.230304718
-8.259109497
-8.282472610
-8.317678452
-8.369205475
-8.382966995
-8.403450012
-8.416252136
-8.424251556
-8.427133560
-8.419771194
-8.390647888
-8.373365402
-8.353523254
-8.298475266
-8.250148773
-8.241186142
-8.244707108
-8.250148773
-8.282472610
-8.291112900
-8.308076859
-8.360883713
-8.405368805
-8.418170929
-8.420412064
-8.427452087
-8.445375443
-8.448255539
-8.444416046
-8.426813126
-8.389047623
-8.342000961
-8.277671814
-8.232225418
-8.214303970
-8.215904236
-8.241186142
-8.255908966
-8.256549835
-8.288873672
-8.342960358
-8.372406006
-8.373685837
-8.384567261
-8.416570663
-8.424251556
-8.426172256
-8.423933029
-8.425212860
-8.426172256
-8.419450760
-8.394168854
-8.344881058
-8.293994904
-8.262630463
-8.244068146
-8.244068146
-8.258789062
-8.292394638
-8.348402023
-8.368564606
-8.361204147
-8.374645233
-8.416252136
-8.433853149
-8.431934357
-8.433853149
-8.443454742
-8.446334839
-8.445695877
-8.435453415
-8.391927719
-8.337841034
-8.302955627
-8.261350632
-8.220064163
-8.210462570
-8.232866287
-8.280231476
-8.310316086
-8.347122192
-8.385206223
-8.405368805
-8.411769867
-8.413690567
-8.424892426
-8.427133560
-8.432893753
-8.419771194
-8.402809143
-8.358324051
-8.337520599
-8.328878403
-8.292074203
-8.246307373
-8.239585876
-8.245027542
-8.262630463
-8.299434662
-8.329198837
-8.366004944
-8.406009674
-8.417531967
-8.421371460
-8.430334091
-8.441534042
-8.447935104
-8.442495346
-8.416891098
-8.363763809
-8.346801758
-8.336559296
-8.277030945
-8.219743729
-8.205982208
-8.208541870
-8.212703705
-8.221023560
-8.235425949
-8.267749786
-8.311277390
-8.347122192
-8.367284775
-8.393207550
-8.416252136
-8.423612595
-8.425533295
-8.424571991
-8.416891098
-8.418811798
-8.412090302
-8.361524582
-8.298795700
-8.273511887
-8.264549255
-8.247587204
-8.254308701
-8.270311356
-8.297195435
-8.353841782
-8.387126923
-8.402488708
-8.424892426
-8.440574646
-8.446975708
-8.444095612
-8.438974380
-8.414970398
-8.388727188
-8.339441299
-8.260389328
-8.229024887
-8.222623825
-8.220703125
-8.220384598
-8.231586456
-8.229665756
-8.252067566
-8.307756424
-8.329519272
-8.350961685
-8.371765137
-8.401208878
-8.414970398
-8.424892426
-8.428733826
-8.427133560
-8.418170929
-8.373365402
-8.307435989
-8.287593842
-8.266469955
-8.247907639
-8.252067566
-8.237667084
-8.294633865
-8.339120865
-8.390968323
-8.402809143
-8.398008347
-8.415611267
-8.440895081
-8.446655273
-8.448896408
-8.446975708
-8.441854477
-8.420091629
-8.369524002
-8.301355362
-8.253028870
-8.225503922
-8.216543198
-8.223264694
-8.241506577
-8.287593842
-8.331439972
-8.345521927
-8.370805740
-8.411130905
-8.416570663
-8.421691895
-8.429052353
-8.428733826
-8.406650543
-8.381046295
-8.362163544
-8.309995651
-8.257188797
-8.247587204
-8.249828339
-8.272550583
-8.303276062
-8.332078934
-8.377204895
-8.410810471
-8.424892426
-8.435132980
-8.448575974
-8.453376770
-8.451456070
-8.436414719
-8.391607285
-8.375286102
-8.366323471
-8.294313431
-8.233184814
-8.207262039
-8.203422546
-8.223903656
-8.274150848
-8.305835724
-8.343280792
-8.358642578
-8.385847092
-8.408250809
-8.422012329
-8.428092957
-8.432252884
-8.431613922
-8.413370132
-8.378805161
-8.374006271
-8.351282120
-8.283752441
-8.254308701
-8.239906311
-8.245668411
-8.253349304
-8.273191452
-8.276071548
-8.273191452
-8.309356689
-8.359924316
-8.374324799
-8.395769119
-8.411451340
-8.418491364
-8.424571991
-8.426813126
-8.427452087
-8.423292160
-8.396087646
-8.332078934
-8.283752441
-8.274150848
-8.272232056
-8.249828339
-8.245986938
-8.234466553
-8.276391983
-8.331119537
-8.379766464
-8.410810471
-8.429052353
-8.441534042
-8.449535370
-8.448575974
-8.431934357
-8.388406754
-8.354162216
-8.320877075
-8.263589859
-8.225824356
-8.225185394
-8.213663101
-8.243747711
-8.255588531
-8.300714493
-8.354162216
-8.378166199
-8.391607285
-8.405689240
-8.422651291
-8.428733826
-8.431934357
-8.431613922
-8.427772522
-8.422332764
-8.407930374
-8.375286102
-8.301675797
-8.268711090
-8.256549835
-8.244707108
-8.241827011
-8.244386673
-8.253028870
-8.277030945
-8.328878403
-8.356723785
-8.363763809
-8.392887115
-8.430334091
-8.442495346
-8.444095612
-8.439933777
-8.446975708
-8.439294815
-8.416252136
-8.357362747
-8.299755096
-8.260068893
-8.231266022
-8.210783005
-8.213663101
-8.245986938
-8.300714493
-8.331439972
-8.334640503
-8.361204147
-8.389688492
-8.409210205
-8.413690567
-8.417531967
-8.419771194
-8.423292160
-8.427772522
-8.426813126
-8.417211533
-8.411130905
-8.406969070
-8.392887115
-8.363122940
-8.306795120
-8.274150848
-8.255908966
-8.238626480
-8.246948242
-8.258789062
-8.291112900
-8.350322723
-8.371124268
-8.363122940
-8.371124268
-8.390647888
-8.415290833
-8.420412064
-8.424571991
-8.421691895
-8.427452087
-8.387126923
-8.347442627
-8.276712418
-8.256229401
-8.252388000
-8.248548508
-8.241186142
-8.250467300
-8.283432007
-8.327598572
-8.353523254
-8.381366730
-8.412731171
-8.433534622
-8.440895081
-8.435773849
-8.440574646
-8.434173584
-8.431293488
-8.419450760
-8.361524582
-8.292394638
-8.276712418
-8.283113480
-8.249507904
-8.208862305
-8.198940277
-8.198301315
-8.211742401
-8.243427277
-8.270950317
-8.308715820
-8.343280792
-8.397369385
-8.402488708
-8.413370132
-8.422332764
-8.425533295
-8.422012329
-8.381046295
-8.362163544
-8.305515289
-8.266149521
-8.214622498
-8.199901581
-8.195421219
-8.203422546
-8.234466553
-8.263269424
-8.285032272
-8.313516617
-8.364084244
-8.388088226
-8.403770447
-8.419450760
-8.423612595
-8.422971725
-8.410810471
-8.362804413
-8.348402023
-8.320558548
-8.268390656
-8.239585876
-8.227104187
-8.239906311
-8.269990921
-8.305515289
-8.319276810
-8.322158813
-8.350961685
-8.390968323
-8.406969070
-8.415290833
-8.432573318
-8.436733246
-8.442495346
-8.443134308
-8.440254211
-8.438014984
-8.419771194
-8.371124268
-8.281192780
-8.227745056
-8.221343994
-8.214942932
-8.208862305
-8.204061508
-8.218143463
-8.271591187
-8.305194855
-8.318317413
-8.324718475
-8.355123520
-8.394487381
-8.404729843
-8.414011002
-8.420412064
-8.420091629
-8.408569336
-8.368244171
-8.304555893
-8.276391983
-8.248548508
-8.248548508
-8.237985611
-8.234785080
-8.241186142
-8.264869690
-8.314157486
-8.332078934
-8.331439972
-8.361524582
-8.406969070
-8.420412064
-8.428413391
-8.433853149
-8.441534042
-8.444095612
-8.433853149
-8.398649216
-8.323438644
-8.252067566
-8.234466553
-8.235105515
-8.242467880
-8.261030197
-8.309036255
-8.342960358
-8.350641251
-8.376565933
-8.420732498
-8.430652618
-8.407609940
-8.406650543
-8.418811798
-8.422332764
-8.425212860
-8.421371460
-8.398649216
-8.360563278
-8.324718475
-8.291112900
-8.256229401
-8.238306046
-8.243747711
-8.270311356
-8.290153503
-8.300075531
-8.317358017
-8.366643906
-8.395769119
-8.395448685
-8.402809143
-8.428413391
-8.439933777
-8.434173584
-8.435132980
-8.421371460
-8.406009674
-8.410490036
-8.409851074
-8.380086899
-8.330799103
-8.284072876
-8.239267349
-8.206621170
-8.199901581
-8.214942932
-8.261669159
-8.293033600
-8.315116882
-8.357683182
-8.377845764
-8.397369385
-8.401849747
-8.417211533
-8.417531967
-8.426172256
-8.397369385
-8.322477341
-8.259750366
-8.223585129
-8.222944260
-8.219102859
-8.209182739
-8.211742401
-8.228704453
-8.253349304
-8.291112900
-8.322158813
-8.343280792
-8.372085571
-8.387447357
-8.399288177
-8.413690567
-8.418811798
-8.422651291
-8.422971725
-8.418170929
-8.388727188
-8.370805740
-8.350641251
-8.292713165
-8.244068146
-8.230304718
-8.229024887

