31/07/2020 16:31:55
-8.319917679
-8.306795120
-8.262630463
-8.250467300
-8.244068146
-8.238626480
-8.230304718
-8.229024887
-8.238946915
-8.261350632
-8.312877655
-8.342641830
-8.350641251
-8.386167526
-8.423612595
-8.425533295
-8.430652618
-8.430334091
-8.430973053
-8.422651291
-8.397048950
-8.332719803
-8.265830994
-8.227424622
-8.207902908
-8.212383270
-8.236385345
-8.308395386
-8.381366730
-8.367923737
-8.407289505
-8.423292160
-8.433534622
-8.441854477
-8.438014984
-8.422971725
-8.377204895
-8.342000961
-8.275432587
-8.219423294
-8.193820953
-8.197021484
-8.214942932
-8.269990921
-8.296234131
-8.311277390
-8.339441299
-8.370164871
-8.392887115
-8.398008347
-8.426172256
-8.428733826
-8.404729843
-8.348081589
-8.272871017
-8.240547180
-8.221023560
-8.212062836
-8.206941605
-8.200540543
-8.217823029
-8.311277390
-8.349361420
-8.369844437
-8.415290833
-8.420412064
-8.433853149
-8.437694550
-8.435773849
-8.428413391
-8.399608612
-8.354162216
-8.289194107
-8.238306046
-8.214622498
-8.208541870
-8.218784332
-8.226144791
-8.230625153
-8.245347977
-8.284713745
-8.300714493
-8.348402023
-8.368244171
-8.400249481
-8.424251556
-8.432893753
-8.433853149
-8.398328781
-8.313196182
-8.245027542
-8.212383270
-8.205982208
-8.230304718
-8.273511887
-8.307435989
-8.352561951
-8.380086899
-8.401208878
-8.409530640
-8.416570663
-8.414011002
-8.417211533
-8.420091629
-8.407930374
-8.366964340
-8.299434662
-8.239906311
-8.209503174
-8.222944260
-8.243106842
-8.269990921
-8.285673141
-8.333360672
-8.356723785
-8.392248154
-8.414011002
-8.422332764
-8.416570663
-8.400569916
-8.383287430
-8.382966995
-8.365684509
-8.298795700
-8.241186142
-8.207262039
-8.207902908
-8.206302643
-8.217184067
-8.217184067
-8.242467880
-8.282472610
-8.327598572
-8.408569336
-8.418491364
-8.417531967
-8.436094284
-8.432573318
-8.413370132
-8.383926392
-8.343601227
-8.293033600
-8.227745056
-8.216863632
-8.224864960
-8.220064163
-8.238306046
-8.235746384
-8.306476593
-8.340080261
-8.391607285
-8.406009674
-8.406969070
-8.405368805
-8.426813126
-8.428413391
-8.430973053
-8.409210205
-8.352241516
-8.286314011
-8.263269424
-8.238626480
-8.221664429
-8.209503174
-8.202461243
-8.202461243
-8.212062836
-8.273191452
-8.316396713
-8.378486633
-8.363443375
-8.402170181
-8.404729843
-8.410169601
-8.413051605
-8.395128250
-8.344560623
-8.294633865
-8.242147446
-8.244386673
-8.259750366
-8.254629135
-8.299114227
-8.349681854
-8.385847092
-8.396728516
-8.413051605
-8.424892426
-8.427133560
-8.412410736
-8.368564606
-8.346481323
-8.351602554
-8.322158813
-8.223903656
-8.200222015
-8.212703705
-8.267749786
-8.295274734
-8.386487961
-8.388088226
-8.392568588
-8.403129578
-8.405689240
-8.407609940
-8.408889771
-8.422651291
-8.401529312
-8.334959030
-8.301034927
-8.294954300
-8.287593842
-8.254629135
-8.245347977
-8.233184814
-8.240867615
-8.292713165
-8.350322723
-8.363763809
-8.396408081
-8.408569336
-8.422971725
-8.422332764
-8.391286850
-8.359924316
-8.293354034
-8.268390656
-8.280872345
-8.297513962
-8.307756424
-8.325677872
-8.341041565
-8.346801758
-8.382646561
-8.401208878
-8.420412064
-8.438974380
-8.430013657
-8.413690567
-8.399288177
-8.364404678
-8.289514542
-8.281192780
-8.245027542
-8.270950317
-8.300075531
-8.362163544
-8.416891098
-8.423612595
-8.427452087
-8.427133560
-8.426813126
-8.437374115
-8.444416046
-8.446334839
-8.439294815
-8.412731171
-8.382646561
-8.378486633
-8.290153503
-8.230625153
-8.237346649
-8.253988266
-8.301355362
-8.352241516
-8.356723785
-8.345842361
-8.359603882
-8.387447357
-8.402809143
-8.406009674
-8.392248154
-8.405689240
-8.420412064
-8.419132233
-8.422012329
-8.423933029
-8.398649216
-8.331119537
-8.274150848
-8.272232056
-8.219102859
-8.288873672
-8.354482651
-8.366964340
-8.403129578
-8.412410736
-8.417211533
-8.420732498
-8.421691895
-8.396728516
-8.363122940
-8.344242096
-8.312557220
-8.275112152
-8.258468628
-8.244068146
-8.251428604
-8.257829666
-8.288553238
-8.342641830
-8.388406754
-8.385206223
-8.398008347
-8.405050278
-8.422332764
-8.380086899
-8.362804413
-8.317037582
-8.227745056
-8.216863632
-8.216222763
-8.213342667
-8.259750366
-8.361843109
-8.410810471
-8.423292160
-8.435453415
-8.447296143
-8.436094284
-8.429372787
-8.398328781
-8.399288177
-8.347442627
-8.290153503
-8.272550583
-8.234466553
-8.275751114
-8.344560623
-8.352561951
-8.351602554
-8.411130905
-8.443775177
-8.433214188
-8.430973053
-8.416570663
-8.328239441
-8.256868362
-8.238626480
-8.243427277
-8.245986938
-8.259750366
-8.290153503
-8.295913696
-8.288873672
-8.342960358
-8.381687164
-8.423292160
-8.434173584
-8.431613922
-8.441534042
-8.441534042
-8.449214935
-8.420412064
-8.420412064
-8.416570663
-8.409530640
-8.390647888
-8.350322723
-8.315437317
-8.281192780
-8.281831741
-8.253349304
-8.246627808
-8.258468628
-8.239585876
-8.298475266
-8.327598572
-8.344560623
-8.378805161
-8.404729843
-8.422971725
-8.438014984
-8.427452087
-8.368885040
-8.359283447
-8.350002289
-8.292394638
-8.252388000
-8.245986938
-8.242467880
-8.265190125
-8.293994904
-8.321517944
-8.359603882
-8.391607285
-8.415611267
-8.426813126
-8.434173584
-8.447296143
-8.448255539
-8.437053680
-8.396087646
-8.347761154
-8.321197510
-8.274471283
-8.220384598
-8.199581146
-8.193820953
-8.205661774
-8.233184814
-8.254629135
-8.265190125
-8.281831741
-8.325677872
-8.350641251
-8.369524002
-8.400569916
-8.413690567
-8.420091629
-8.422971725
-8.421691895
-8.413370132
-8.398328781
-8.352241516
-8.278631210
-8.249507904
-8.251428604
-8.247268677
-8.247587204
-8.258150101
-8.258150101
-8.282152176
-8.338800430
-8.370164871
-8.385526657
-8.401849747
-8.424892426
-8.439933777
-8.442174911
-8.441854477
-8.430652618
-8.402170181
-8.340400696
-8.270311356
-8.243747711
-8.229024887
-8.220703125
-8.216863632
-8.209821701
-8.216222763
-8.260389328
-8.298154831
-8.316396713
-8.313837051
-8.336559296
-8.383605957
-8.396408081
-8.408250809
-8.414970398
-8.422332764
-8.423933029
-8.411769867
-8.369524002
-8.324398041
-8.284713745
-8.246948242
-8.234466553
-8.232545853
-8.240547180
-8.264549255
-8.309677124
-8.317358017
-8.323118210
-8.366004944
-8.415931702
-8.426813126
-8.418811798
-8.420091629
-8.439615250
-8.447616577
-8.447296143
-8.441854477
-8.422971725
-8.385206223
-8.337841034
-8.277030945
-8.235746384
-8.214942932
-8.218784332
-8.241506577
-8.252708435
-8.293674469
-8.348722458
-8.373044968
-8.370805740
-8.370485306
-8.402488708
-8.415290833
-8.422651291
-8.421051025
-8.421371460
-8.421691895
-8.418170929
-8.408250809
-8.366643906
-8.299114227
-8.264549255
-8.247587204
-8.242786407
-8.259109497
-8.288553238
-8.342321396
-8.377845764
-8.385847092
-8.405050278
-8.432893753
-8.443775177
-8.448255539
-8.439933777
-8.436733246
-8.422012329
-8.421371460
-8.419132233
-8.376886368
-8.318637848
-8.293033600
-8.273191452
-8.235105515
-8.206302643
-8.209503174
-8.243747711
-8.281513214
-8.313837051
-8.353841782
-8.382326126
-8.402170181
-8.406009674
-8.415931702
-8.421051025
-8.424571991
-8.423933029
-8.401208878
-8.329519272
-8.302955627
-8.296875000
-8.270950317
-8.239906311
-8.237346649
-8.247268677
-8.276391983
-8.324718475
-8.352882385
-8.380725861
-8.415931702
-8.430013657
-8.434494019
-8.435773849
-8.436094284
-8.427452087
-8.405368805
-8.342641830
-8.268711090
-8.242786407
-8.230625153
-8.213983536
-8.209821701
-8.215583801
-8.233825684
-8.288873672
-8.322797775
-8.350322723
-8.382326126
-8.401849747
-8.415290833
-8.420091629
-8.421691895
-8.415931702
-8.405050278
-8.367284775
-8.294633865
-8.265510559
-8.261030197
-8.244386673
-8.250148773
-8.251749039
-8.247907639
-8.270631790
-8.321197510
-8.350961685
-8.362804413
-8.373685837
-8.406330109
-8.430013657
-8.432893753
-8.437694550
-8.436733246
-8.421371460
-8.376245499
-8.313837051
-8.269670486
-8.237985611
-8.216863632
-8.209182739
-8.204381943
-8.214303970
-8.256229401
-8.297834396
-8.306476593
-8.306476593

