31/07/2020 16:32:18
-8.360563278
-8.342000961
-8.352882385
-8.367923737
-8.395448685
-8.413051605
-8.417531967
-8.417852402
-8.421371460
-8.420412064
-8.418811798
-8.420412064
-8.391607285
-8.301355362
-8.248228073
-8.240547180
-8.238306046
-8.232545853
-8.269670486
-8.307756424
-8.354482651
-8.387447357
-8.398969650
-8.418811798
-8.433214188
-8.440254211
-8.439933777
-8.435453415
-8.421371460
-8.419132233
-8.403450012
-8.345201492
-8.281192780
-8.264549255
-8.252388000
-8.221664429
-8.203102112
-8.206302643
-8.222303391
-8.269350052
-8.305194855
-8.332719803
-8.370805740
-8.395448685
-8.412731171
-8.422651291
-8.426172256
-8.426492691
-8.425851822
-8.409851074
-8.358003616
-8.315757751
-8.309036255
-8.275112152
-8.246307373
-8.237346649
-8.232545853
-8.248228073
-8.279912949
-8.308076859
-8.322797775
-8.338800430
-8.380725861
-8.413370132
-8.423933029
-8.438974380
-8.445055008
-8.445375443
-8.433534622
-8.384246826
-8.344242096
-8.325677872
-8.287914276
-8.224224091
-8.204381943
-8.206621170
-8.214942932
-8.233184814
-8.255588531
-8.252708435
-8.278951645
-8.337520599
-8.360242844
-8.376245499
-8.394168854
-8.418170929
-8.426492691
-8.429052353
-8.422332764
-8.396087646
-8.360563278
-8.304555893
-8.262630463
-8.250148773
-8.246307373
-8.254308701
-8.279592514
-8.285032272
-8.301034927
-8.350641251
-8.395128250
-8.404088974
-8.414011002
-8.431613922
-8.449535370
-8.454656601
-8.453697205
-8.448255539
-8.438653946
-8.413690567
-8.376565933
-8.317358017
-8.254949570
-8.225503922
-8.218784332
-8.227745056
-8.240547180
-8.278631210
-8.328559875
-8.356403351
-8.358003616
-8.377525330
-8.413690567
-8.424251556
-8.428733826
-8.425212860
-8.428733826
-8.428092957
-8.426813126
-8.411451340
-8.352241516
-8.300075531
-8.275112152
-8.255268097
-8.253349304
-8.270950317
-8.306156158
-8.358642578
-8.386487961
-8.405689240
-8.431934357
-8.445055008
-8.453056335
-8.447616577
-8.431613922
-8.393207550
-8.385206223
-8.393207550
-8.354482651
-8.283113480
-8.246948242
-8.232545853
-8.222303391
-8.227424622
-8.247268677
-8.285993576
-8.318958282
-8.346801758
-8.370805740
-8.396087646
-8.418170929
-8.424571991
-8.430013657
-8.427452087
-8.416570663
-8.414651871
-8.386167526
-8.309356689
-8.281513214
-8.284713745
-8.276071548
-8.249828339
-8.248867035
-8.256549835
-8.268711090
-8.309036255
-8.350641251
-8.369205475
-8.397369385
-8.427133560
-8.439933777
-8.443454742
-8.446334839
-8.446975708
-8.444734573
-8.426492691
-8.366643906
-8.308395386
-8.286952972
-8.259750366
-8.221984863
-8.209182739
-8.208541870
-8.230304718
-8.283752441
-8.305835724
-8.326639175
-8.357042313
-8.393848419
-8.411451340
-8.421691895
-8.430973053
-8.433534622
-8.434494019
-8.420412064
-8.359924316
-8.333040237
-8.317358017
-8.281513214
-8.252388000
-8.239267349
-8.241827011
-8.258468628
-8.293994904
-8.320558548
-8.329198837
-8.350961685
-8.398328781
-8.421371460
-8.431293488
-8.440895081
-8.446016312
-8.449855804
-8.442815781
-8.415611267
-8.382646561
-8.348081589
-8.282472610
-8.224224091
-8.208221436
-8.209503174
-8.221343994
-8.248867035
-8.252067566
-8.259750366
-8.309036255
-8.347442627
-8.372724533
-8.382005692
-8.402170181
-8.423612595
-8.428733826
-8.430334091
-8.428733826
-8.414970398
-8.380086899
-8.322477341
-8.277671814
-8.258150101
-8.247587204
-8.255268097
-8.266790390
-8.270311356
-8.296875000
-8.356723785
-8.387767792
-8.370485306
-8.422012329
-8.425851822
-8.442815781
-8.449855804
-8.449855804
-8.444734573
-8.446016312
-8.440895081
-8.424892426
-8.380086899
-8.314477921
-8.256549835
-8.221664429
-8.210783005
-8.224864960
-8.261989594
-8.314477921
-8.336240768
-8.345201492
-8.372406006
-8.406009674
-8.417531967
-8.417211533
-8.418811798
-8.426492691
-8.429693222
-8.434173584
-8.426172256
-8.391286850
-8.343601227
-8.315437317
-8.280231476
-8.254629135
-8.243106842
-8.255908966
-8.289514542
-8.318637848
-8.348402023
-8.389368057
-8.421051025
-8.438333511
-8.436733246
-8.440254211
-8.440574646
-8.438653946
-8.432252884
-8.382966995
-8.315757751
-8.297513962
-8.242467880
-8.220703125
-8.206941605
-8.210142136
-8.219423294
-8.247907639
-8.289833069
-8.311277390
-8.349040985
-8.385206223
-8.398969650
-8.413370132
-8.422651291
-8.425212860
-8.424571991
-8.408569336
-8.338479996
-8.302314758
-8.309995651
-8.278312683
-8.240547180
-8.237667084
-8.232225418
-8.237346649
-8.265510559
-8.298154831
-8.318637848
-8.346160889
-8.384246826
-8.414011002
-8.425533295
-8.432893753
-8.443454742
-8.444095612
-8.428413391
-8.373365402
-8.331760406
-8.317037582
-8.278951645
-8.222303391
-8.201822281
-8.199901581
-8.224224091
-8.266149521
-8.289194107
-8.301355362
-8.328239441
-8.375606537
-8.391607285
-8.406650543
-8.416891098
-8.422332764
-8.422012329
-8.403450012
-8.351922989
-8.322158813
-8.290794373
-8.249507904
-8.235105515
-8.231904984
-8.245027542
-8.275112152
-8.318637848
-8.329519272
-8.338800430
-8.382646561
-8.420091629
-8.428413391
-8.431934357
-8.433853149
-8.439294815
-8.436414719
-8.410810471
-8.354162216
-8.302955627
-8.254949570
-8.214622498
-8.198940277
-8.204702377
-8.233184814
-8.289833069
-8.304555893
-8.308715820
-8.347122192
-8.384567261
-8.402488708
-8.404409409
-8.410490036
-8.420732498
-8.422971725
-8.425212860
-8.416891098
-8.373365402
-8.350322723
-8.323438644
-8.284713745
-8.265190125
-8.248228073
-8.241827011
-8.245027542
-8.259429932
-8.283432007
-8.328239441
-8.382326126
-8.393527985
-8.396728516
-8.409851074
-8.439933777
-8.439294815
-8.439933777
-8.428733826
-8.396728516
-8.374006271
-8.312557220
-8.252067566
-8.206621170
-8.196380615
-8.204061508
-8.229345322
-8.267110825
-8.301355362
-8.351282120
-8.379125595
-8.392887115
-8.421371460
-8.419132233
-8.424571991
-8.420412064
-8.403129578
-8.341041565
-8.316717148
-8.304235458
-8.272550583
-8.224544525
-8.247907639
-8.253667831
-8.294313431
-8.353841782
-8.368885040
-8.382966995
-8.402170181
-8.422012329
-8.431613922
-8.434814453
-8.437374115
-8.424892426
-8.394807816
-8.377845764
-8.358003616
-8.348402023
-8.276712418
-8.231904984
-8.195421219
-8.185819626
-8.193500519
-8.208541870
-8.235425949
-8.256229401
-8.273191452
-8.291112900
-8.336240768
-8.356723785
-8.373044968
-8.397687912
-8.408569336
-8.415290833
-8.416891098
-8.415611267
-8.406969070
-8.384567261
-8.322797775
-8.265190125
-8.255588531
-8.233184814
-8.242467880
-8.265190125
-8.270631790
-8.285673141
-8.335279465
-8.374965668
-8.390968323
-8.397687912
-8.399929047
-8.410169601
-8.414011002
-8.416891098
-8.414011002
-8.398649216
-8.345201492
-8.277992249
-8.245347977
-8.238626480
-8.237346649
-8.269031525
-8.286314011
-8.299434662
-8.340400696
-8.398008347
-8.422651291
-8.424571991
-8.426172256
-8.429693222
-8.413690567
-8.378486633
-8.320238113
-8.289514542
-8.263269424
-8.229986191
-8.202781677
-8.195100784
-8.212383270
-8.255588531
-8.280872345
-8.295913696
-8.333679199
-8.368564606
-8.389047623
-8.389047623
-8.398328781
-8.412731171
-8.417852402
-8.421371460
-8.418491364
-8.403770447
-8.364084244
-8.315437317
-8.270311356
-8.238626480
-8.230945587
-8.245986938
-8.275112152
-8.309995651
-8.336240768
-8.391607285
-8.411769867
-8.418811798
-8.417211533
-8.422332764
-8.434494019
-8.442495346
-8.441534042
-8.429693222
-8.394487381
-8.373685837
-8.363443375
-8.283432007
-8.230304718
-8.199901581
-8.190620422
-8.200860977
-8.223903656
-8.247907639
-8.280231476
-8.315116882
-8.351282120
-8.375925064
-8.399288177
-8.411451340
-8.418491364
-8.416891098
-8.414011002
-8.402170181
-8.396408081
-8.328239441
-8.253349304
-8.213663101
-8.207902908
-8.219102859
-8.233825684
-8.232225418
-8.271270752
-8.290153503
-8.341041565
-8.389047623
-8.407609940
-8.425533295
-8.433853149
-8.437053680
-8.435773849
-8.425533295
-8.399608612
-8.375286102
-8.323118210
-8.248228073
-8.226465225
-8.236066818
-8.195739746
-8.206941605
-8.209503174
-8.220703125
-8.260389328
-8.321838379
-8.335279465
-8.338159561

