31/07/2020 16:31:37
-8.417531967
-8.392887115
-8.372406006
-8.364084244
-8.316717148
-8.241827011
-8.186779022
-8.180698395
-8.193500519
-8.215263367
-8.229665756
-8.247587204
-8.274791718
-8.313196182
-8.336879730
-8.363443375
-8.372724533
-8.416570663
-8.406650543
-8.320238113
-8.216543198
-8.192859650
-8.211421967
-8.316717148
-8.368244171
-8.380405426
-8.400569916
-8.415290833
-8.419771194
-8.413051605
-8.421051025
-8.427452087
-8.424892426
-8.421051025
-8.383605957
-8.325038910
-8.311277390
-8.278312683
-8.228704453
-8.192539215
-8.190938950
-8.213342667
-8.235746384
-8.306476593
-8.343601227
-8.363443375
-8.371444702
-8.386806488
-8.396087646
-8.403770447
-8.409530640
-8.412090302
-8.406009674
-8.381366730
-8.369205475
-8.367923737
-8.369205475
-8.302314758
-8.253028870
-8.233825684
-8.224864960
-8.240226746
-8.264230728
-8.301675797
-8.358324051
-8.390007019
-8.399929047
-8.417531967
-8.421371460
-8.423933029
-8.398328781
-8.331439972
-8.286952972
-8.284072876
-8.278951645
-8.229665756
-8.191579819
-8.183578491
-8.193820953
-8.229024887
-8.256229401
-8.270631790
-8.307756424
-8.335599899
-8.363443375
-8.388088226
-8.402809143
-8.411130905
-8.413370132
-8.407930374
-8.368244171
-8.340080261
-8.338800430
-8.308715820
-8.253667831
-8.229986191
-8.224224091
-8.233505249
-8.262630463
-8.282472610
-8.301675797
-8.329198837
-8.370164871
-8.393848419
-8.405368805
-8.422012329
-8.429693222
-8.429052353
-8.412090302
-8.355442047
-8.323118210
-8.299114227
-8.249828339
-8.197660446
-8.184539795
-8.188699722
-8.212703705
-8.248867035
-8.270631790
-8.286952972
-8.332399368
-8.366643906
-8.376886368
-8.391286850
-8.403770447
-8.411130905
-8.412410736
-8.406009674
-8.376886368
-8.332078934
-8.278951645
-8.238946915
-8.222623825
-8.223903656
-8.232866287
-8.267431259
-8.299114227
-8.294313431
-8.309036255
-8.363443375
-8.396408081
-8.412410736
-8.413051605
-8.422651291
-8.435453415
-8.434814453
-8.424571991
-8.387126923
-8.341680527
-8.291112900
-8.237985611
-8.205020905
-8.195421219
-8.206941605
-8.243747711
-8.265510559
-8.291433334
-8.339759827
-8.367284775
-8.375925064
-8.404729843
-8.401849747
-8.408569336
-8.415290833
-8.417852402
-8.414970398
-8.407930374
-8.383287430
-8.355442047
-8.318637848
-8.262948990
-8.237667084
-8.238626480
-8.261350632
-8.287593842
-8.312557220
-8.361204147
-8.397048950
-8.391927719
-8.406330109
-8.429693222
-8.438333511
-8.425851822
-8.432893753
-8.399929047
-8.342321396
-8.329519272
-8.324398041
-8.268390656
-8.210142136
-8.194139481
-8.199260712
-8.226465225
-8.260389328
-8.299114227
-8.342321396
-8.369205475
-8.389688492
-8.406330109
-8.412090302
-8.416252136
-8.415611267
-8.385847092
-8.348722458
-8.336559296
-8.336559296
-8.282152176
-8.232866287
-8.223585129
-8.223903656
-8.235425949
-8.251428604
-8.263910294
-8.274150848
-8.290794373
-8.337520599
-8.375286102
-8.395128250
-8.416570663
-8.429372787
-8.430652618
-8.429693222
-8.406009674
-8.380086899
-8.351922989
-8.284072876
-8.215263367
-8.203422546
-8.205020905
-8.205341339
-8.210462570
-8.222944260
-8.229345322
-8.277351379
-8.323438644
-8.340400696
-8.366323471
-8.391607285
-8.407289505
-8.412731171
-8.414970398
-8.407609940
-8.390327454
-8.353841782
-8.290794373
-8.247268677
-8.238626480
-8.231586456
-8.249187469
-8.268070221
-8.274471283
-8.306156158
-8.361524582
-8.387447357
-8.398328781
-8.404409409
-8.422971725
-8.434494019
-8.432252884
-8.422651291
-8.389368057
-8.357362747
-8.316717148
-8.254308701
-8.210462570
-8.197021484
-8.211103439
-8.244068146
-8.258468628
-8.281831741
-8.329519272
-8.358324051
-8.362804413
-8.366643906
-8.392248154
-8.407930374
-8.414651871
-8.415611267
-8.410810471
-8.382646561
-8.355762482
-8.313516617
-8.261989594
-8.231266022
-8.229024887
-8.242147446
-8.266790390
-8.288553238
-8.317996979
-8.369205475
-8.398969650
-8.402488708
-8.408250809
-8.429052353
-8.435132980
-8.438974380
-8.432573318
-8.421051025
-8.386487961
-8.371124268
-8.352241516
-8.294313431
-8.236705780
-8.207262039
-8.198301315
-8.212383270
-8.239267349
-8.272871017
-8.322477341
-8.337520599
-8.352882385
-8.378486633
-8.399929047
-8.409851074
-8.413051605
-8.413051605
-8.405368805
-8.396408081
-8.398649216
-8.374006271
-8.294954300
-8.274150848
-8.268070221
-8.268390656
-8.238626480
-8.229345322
-8.244386673
-8.272550583
-8.318317413
-8.351602554
-8.388088226
-8.419450760
-8.426492691
-8.427133560
-8.426492691
-8.426492691
-8.424251556
-8.423612595
-8.389368057
-8.317037582
-8.298795700
-8.296875000
-8.228385925
-8.201181412
-8.192220688
-8.190299988
-8.209503174
-8.256229401
-8.283752441
-8.316078186
-8.349040985
-8.377525330
-8.396728516
-8.406969070
-8.413051605
-8.415290833
-8.411451340
-8.367923737
-8.331439972
-8.334320068
-8.322477341
-8.263910294
-8.234466553
-8.224544525
-8.226785660
-8.236705780
-8.252067566
-8.256868362
-8.255268097
-8.262948990
-8.303596497
-8.341041565
-8.361843109
-8.388406754
-8.412410736
-8.423612595
-8.429052353
-8.429372787
-8.422332764
-8.399288177
-8.340400696
-8.266469955
-8.246627808
-8.243106842
-8.218463898
-8.191259384
-8.183258057
-8.195739746
-8.243106842
-8.277992249
-8.284072876
-8.288553238
-8.295595169
-8.335920334
-8.363763809
-8.380086899
-8.402170181
-8.409851074
-8.412410736
-8.406009674
-8.373044968
-8.349040985
-8.313516617
-8.257188797
-8.232545853
-8.221023560
-8.234466553
-8.266469955
-8.300714493
-8.313516617
-8.315757751
-8.351922989
-8.395448685
-8.406650543
-8.412410736
-8.421051025
-8.429052353
-8.429693222
-8.410490036
-8.356403351
-8.311277390
-8.267431259
-8.213663101
-8.190299988
-8.190299988
-8.221664429
-8.266149521
-8.289833069
-8.294313431
-8.329198837
-8.368564606
-8.385526657
-8.392248154
-8.399608612
-8.409530640
-8.414331436
-8.417211533
-8.413051605
-8.404729843
-8.388727188
-8.378166199
-8.337520599
-8.279272079
-8.250467300
-8.234785080
-8.233825684
-8.236705780
-8.235425949
-8.248867035
-8.288232803
-8.331760406
-8.325998306
-8.335599899
-8.371124268
-8.388406754
-8.396087646
-8.402488708
-8.406969070
-8.411451340
-8.411130905
-8.403129578
-8.390647888
-8.366004944
-8.340080261
-8.280551910
-8.243427277
-8.231266022
-8.225824356
-8.241827011
-8.264869690
-8.261350632
-8.276712418
-8.324718475
-8.375606537
-8.386806488
-8.378166199
-8.398328781
-8.405368805
-8.409210205
-8.408569336
-8.404729843
-8.411769867
-8.371765137
-8.360563278
-8.337520599
-8.304235458
-8.256868362
-8.202461243
-8.194459915
-8.202140808
-8.229024887
-8.284072876
-8.318637848
-8.342641830
-8.380086899
-8.398969650
-8.410490036
-8.413690567
-8.411130905
-8.412410736
-8.408569336
-8.406650543
-8.399288177
-8.347442627
-8.296234131
-8.269031525
-8.244386673
-8.231586456
-8.235105515
-8.259750366
-8.299434662
-8.323438644
-8.341680527
-8.372085571
-8.417211533
-8.416252136
-8.425533295
-8.426813126
-8.426172256
-8.422971725
-8.411130905
-8.345842361
-8.267110825
-8.228385925
-8.224544525
-8.216222763
-8.198621750
-8.195421219
-8.212383270
-8.250787735
-8.301034927
-8.328878403
-8.361524582
-8.390968323
-8.398969650
-8.407930374
-8.410169601
-8.409851074
-8.402170181
-8.362483978
-8.282793045
-8.257188797
-8.266149521
-8.239267349
-8.239585876
-8.235746384
-8.289194107
-8.308076859
-8.360242844
-8.387447357
-8.387447357
-8.412410736
-8.420091629
-8.410490036
-8.381046295
-8.333999634
-8.294633865
-8.259750366
-8.231586456
-8.221984863
-8.222303391
-8.228704453
-8.235746384
-8.252388000
-8.241506577
-8.297195435
-8.352882385
-8.390327454
-8.399929047
-8.395448685
-8.415931702
-8.431934357
-8.437694550
-8.435453415
-8.430973053
-8.412090302
-8.379766464
-8.321838379
-8.256549835
-8.221343994
-8.215263367
-8.201822281
-8.208221436
-8.239585876
-8.276071548
-8.323759079
-8.350002289
-8.348722458
-8.349681854
-8.376886368
-8.399608612
-8.409851074
-8.412731171
-8.414651871
-8.406650543
-8.400249481
-8.372406006
-8.321517944
-8.277992249
-8.244068146

