31/07/2020 16:32:00
-8.214942932
-8.241506577
-8.240226746
-8.248548508
-8.271270752
-8.287273407
-8.291433334
-8.292074203
-8.322797775
-8.362804413
-8.387126923
-8.406969070
-8.432893753
-8.436414719
-8.442174911
-8.444734573
-8.443134308
-8.432573318
-8.390647888
-8.332399368
-8.319276810
-8.295274734
-8.235425949
-8.205661774
-8.205341339
-8.204381943
-8.212383270
-8.305515289
-8.350961685
-8.392568588
-8.414970398
-8.424251556
-8.429693222
-8.425533295
-8.433534622
-8.426172256
-8.421371460
-8.393848419
-8.324398041
-8.301355362
-8.274791718
-8.248228073
-8.248867035
-8.234146118
-8.257509232
-8.298154831
-8.350322723
-8.347442627
-8.375286102
-8.419132233
-8.440895081
-8.449855804
-8.425851822
-8.442495346
-8.440574646
-8.404409409
-8.333040237
-8.252708435
-8.226785660
-8.229024887
-8.219743729
-8.229024887
-8.309356689
-8.352241516
-8.377845764
-8.400888443
-8.382005692
-8.414331436
-8.435453415
-8.452735901
-8.447935104
-8.446334839
-8.431613922
-8.409210205
-8.349681854
-8.251108170
-8.214942932
-8.205661774
-8.232225418
-8.266469955
-8.305515289
-8.305515289
-8.329839706
-8.355442047
-8.394807816
-8.416252136
-8.426492691
-8.434494019
-8.420091629
-8.374006271
-8.322797775
-8.255268097
-8.251108170
-8.245027542
-8.261350632
-8.271911621
-8.285352707
-8.327919006
-8.379125595
-8.374645233
-8.382005692
-8.426813126
-8.434814453
-8.442495346
-8.430973053
-8.437053680
-8.450815201
-8.427133560
-8.379446030
-8.289514542
-8.266790390
-8.246948242
-8.256868362
-8.270631790
-8.252388000
-8.286952972
-8.300075531
-8.362163544
-8.412410736
-8.414011002
-8.426492691
-8.437374115
-8.422332764
-8.422012329
-8.432573318
-8.422971725
-8.398649216
-8.344560623
-8.247587204
-8.237026215
-8.249187469
-8.264230728
-8.268390656
-8.280872345
-8.312557220
-8.359924316
-8.380086899
-8.369844437
-8.390327454
-8.423612595
-8.439615250
-8.444095612
-8.438653946
-8.440895081
-8.445375443
-8.450176239
-8.445695877
-8.436414719
-8.406650543
-8.381366730
-8.319917679
-8.293994904
-8.276712418
-8.261669159
-8.258150101
-8.269031525
-8.266469955
-8.282793045
-8.343921661
-8.386167526
-8.413051605
-8.421371460
-8.440254211
-8.446655273
-8.446334839
-8.438974380
-8.416252136
-8.381687164
-8.350002289
-8.269670486
-8.248867035
-8.236066818
-8.207582474
-8.237985611
-8.251749039
-8.271270752
-8.319597244
-8.393527985
-8.405050278
-8.414011002
-8.440895081
-8.453056335
-8.446655273
-8.442174911
-8.390327454
-8.353841782
-8.307435989
-8.241827011
-8.234146118
-8.270950317
-8.294313431
-8.341680527
-8.376886368
-8.402809143
-8.421051025
-8.438333511
-8.442495346
-8.433853149
-8.386487961
-8.312877655
-8.240867615
-8.221023560
-8.209182739
-8.246627808
-8.305515289
-8.358324051
-8.370805740
-8.415931702
-8.420732498
-8.405050278
-8.372085571
-8.303276062
-8.245986938
-8.220703125
-8.188379288
-8.191900253
-8.213342667
-8.243747711
-8.269350052
-8.327919006
-8.354803085
-8.409210205
-8.422971725
-8.392248154
-8.364404678
-8.290794373
-8.221664429
-8.228385925
-8.292074203
-8.301355362
-8.331760406
-8.352241516
-8.381046295
-8.412090302
-8.410810471
-8.431934357
-8.416570663
-8.359603882
-8.335920334
-8.264549255
-8.216543198
-8.228385925
-8.272871017
-8.323438644
-8.339120865
-8.415611267
-8.425533295
-8.441854477
-8.437053680
-8.445695877
-8.441215515
-8.416570663
-8.390327454
-8.386167526
-8.347761154
-8.285673141
-8.237667084
-8.241506577
-8.263589859
-8.300714493
-8.346801758
-8.389047623
-8.406650543
-8.402170181
-8.427133560
-8.439294815
-8.451456070
-8.416252136
-8.354803085
-8.361843109
-8.316078186
-8.284393311
-8.234785080
-8.205982208
-8.201181412
-8.217504501
-8.325677872
-8.348081589
-8.366323471
-8.383605957
-8.410810471
-8.422012329
-8.426172256
-8.424571991
-8.397048950
-8.307115555
-8.224224091
-8.238306046
-8.286952972
-8.339120865
-8.367923737
-8.407289505
-8.418170929
-8.427133560
-8.432893753
-8.422332764
-8.377525330
-8.307756424
-8.277351379
-8.261669159
-8.232866287
-8.202461243
-8.200222015
-8.205020905
-8.222623825
-8.273191452
-8.310636520
-8.347122192
-8.380086899
-8.393527985
-8.409210205
-8.421691895
-8.426813126
-8.430652618
-8.429052353
-8.407289505
-8.379446030
-8.384567261
-8.311916351
-8.262310028
-8.241506577
-8.234146118
-8.235425949
-8.257509232
-8.288553238
-8.317358017
-8.357042313
-8.392887115
-8.418491364
-8.427772522
-8.441854477
-8.446334839
-8.444734573
-8.430334091
-8.384887695
-8.350322723
-8.340400696
-8.301034927
-8.231266022
-8.204381943
-8.209182739
-8.215583801
-8.245668411
-8.269031525
-8.273191452
-8.277351379
-8.323118210
-8.354162216
-8.367923737
-8.392248154
-8.409530640
-8.417531967
-8.422012329
-8.421051025
-8.409210205
-8.379125595
-8.313516617
-8.259750366
-8.240867615
-8.245668411
-8.248867035
-8.272871017
-8.271591187
-8.297834396
-8.354482651
-8.404088974
-8.413370132
-8.414331436
-8.416570663
-8.430652618
-8.444095612
-8.444416046
-8.441854477
-8.436094284
-8.410810471
-8.360883713
-8.298475266
-8.256229401
-8.224544525
-8.216543198
-8.220703125
-8.214622498
-8.222944260
-8.263910294
-8.299755096
-8.314157486
-8.308715820
-8.335920334
-8.380405426
-8.394807816
-8.407289505
-8.416570663
-8.423933029
-8.426813126
-8.421051025
-8.381366730
-8.342000961
-8.306476593
-8.261989594
-8.239585876
-8.238626480
-8.251428604
-8.291112900
-8.330160141
-8.335599899
-8.345842361
-8.388088226
-8.422971725
-8.435132980
-8.432573318
-8.435453415
-8.444095612
-8.444734573
-8.432573318
-8.384246826
-8.326318741
-8.285032272
-8.240867615
-8.210142136
-8.211103439
-8.234146118
-8.287593842
-8.308395386
-8.322477341
-8.356403351
-8.389688492
-8.409851074
-8.413690567
-8.421371460
-8.424251556
-8.426492691
-8.425212860
-8.404729843
-8.339441299
-8.317037582
-8.295595169
-8.269670486
-8.244707108
-8.242467880
-8.264230728
-8.300714493
-8.332078934
-8.357362747
-8.392887115
-8.429372787
-8.439294815
-8.438974380
-8.441534042
-8.443454742
-8.444095612
-8.438333511
-8.398969650
-8.329198837
-8.307115555
-8.309995651
-8.279592514
-8.229345322
-8.206941605
-8.206621170
-8.225824356
-8.263910294
-8.296554565
-8.341041565
-8.367605209
-8.387126923
-8.404729843
-8.419771194
-8.424892426
-8.428413391
-8.423933029
-8.380086899
-8.352561951
-8.337520599
-8.301355362
-8.245027542
-8.235105515
-8.239267349
-8.265510559
-8.316717148
-8.325998306
-8.327598572
-8.329519272
-8.367284775
-8.405368805
-8.421371460
-8.436414719
-8.445695877
-8.446334839
-8.437694550
-8.397048950
-8.357683182
-8.324718475
-8.261669159
-8.208541870
-8.208221436
-8.220384598
-8.271270752
-8.296554565
-8.326959610
-8.358324051
-8.400569916
-8.412090302
-8.414651871
-8.415290833
-8.418811798
-8.425851822
-8.426172256
-8.416570663
-8.379446030
-8.336240768
-8.289833069
-8.251108170
-8.236385345
-8.240867615
-8.261350632
-8.313196182
-8.326318741
-8.309356689
-8.360242844
-8.418170929
-8.415611267
-8.432893753
-8.436414719
-8.444734573
-8.449855804
-8.452096939
-8.446975708
-8.424571991
-8.380405426
-8.345521927
-8.300714493
-8.245027542
-8.214303970
-8.213342667
-8.242467880
-8.264869690
-8.291753769
-8.340400696
-8.370485306
-8.386487961
-8.385847092
-8.405368805
-8.421371460
-8.428733826
-8.430013657
-8.424892426
-8.391286850
-8.372085571
-8.350961685
-8.304235458
-8.251749039
-8.241827011
-8.245986938
-8.267749786
-8.299755096
-8.324718475
-8.366323471
-8.409530640
-8.418811798
-8.422332764
-8.433534622
-8.444416046
-8.448896408
-8.442174911
-8.411451340
-8.356403351
-8.331119537
-8.299434662
-8.237985611
-8.203102112
-8.199581146
-8.211421967
-8.251428604
-8.286632538
-8.319597244
-8.362804413
-8.385206223
-8.401529312
-8.409851074
-8.422971725
-8.427452087
-8.429052353
-8.422651291
-8.382326126
-8.355123520
-8.344242096
-8.293033600
-8.245986938
-8.234785080
-8.233505249
-8.244707108
-8.261030197
-8.281513214
-8.301355362
-8.337200165
-8.384567261
-8.408889771
-8.421051025
-8.438653946
-8.444734573

