31/07/2020 16:31:00
-8.430013657
-8.394807816
-8.382966995
-8.445695877
-8.446975708
-8.442815781
-8.446655273
-8.428092957
-8.359924316
-8.330478668
-8.298475266
-8.244068146
-8.239906311
-8.232545853
-8.248228073
-8.257829666
-8.271270752
-8.299755096
-8.350322723
-8.390007019
-8.396408081
-8.429052353
-8.432252884
-8.442174911
-8.442495346
-8.431934357
-8.389368057
-8.335599899
-8.269031525
-8.231586456
-8.211103439
-8.201181412
-8.211103439
-8.237026215
-8.254629135
-8.256868362
-8.271591187
-8.323438644
-8.358003616
-8.372406006
-8.389368057
-8.417531967
-8.426492691
-8.431934357
-8.429372787
-8.392248154
-8.305835724
-8.305194855
-8.285352707
-8.249507904
-8.258468628
-8.272871017
-8.322158813
-8.399929047
-8.406650543
-8.424571991
-8.425212860
-8.399929047
-8.379125595
-8.272871017
-8.224224091
-8.213663101
-8.222944260
-8.274471283
-8.298475266
-8.357362747
-8.342321396
-8.414970398
-8.425212860
-8.419771194
-8.409530640
-8.366643906
-8.316078186
-8.267431259
-8.242147446
-8.251749039
-8.270311356
-8.309677124
-8.354482651
-8.358324051
-8.366004944
-8.380405426
-8.416891098
-8.434494019
-8.451776505
-8.443775177
-8.419450760
-8.352561951
-8.332399368
-8.314157486
-8.263910294
-8.208541870
-8.200222015
-8.202781677
-8.206621170
-8.228704453
-8.250467300
-8.271591187
-8.290473938
-8.312877655
-8.337520599
-8.380725861
-8.394168854
-8.409530640
-8.455615997
-8.449855804
-8.455615997
-8.455297470
-8.448575974
-8.407289505
-8.335599899
-8.317678452
-8.313837051
-8.277030945
-8.278951645
-8.303276062
-8.328878403
-8.368244171
-8.406009674
-8.417852402
-8.426492691
-8.437694550
-8.442495346
-8.451456070
-8.447935104
-8.440895081
-8.428092957
-8.402488708
-8.326639175
-8.258468628
-8.243427277
-8.240867615
-8.221664429
-8.212062836
-8.205661774
-8.232866287
-8.350322723
-8.429693222
-8.442495346
-8.441534042
-8.438014984
-8.420732498
-8.398328781
-8.355442047
-8.306476593
-8.280872345
-8.242467880
-8.215583801
-8.200860977
-8.220703125
-8.266790390
-8.335279465
-8.340400696
-8.369524002
-8.408569336
-8.418170929
-8.422012329
-8.421691895
-8.427452087
-8.431293488
-8.410169601
-8.400249481
-8.364723206
-8.325998306
-8.315437317
-8.267110825
-8.246627808
-8.299114227
-8.327598572
-8.355762482
-8.374006271
-8.414651871
-8.421051025
-8.428733826
-8.427133560
-8.424251556
-8.421051025
-8.318317413
-8.258789062
-8.225824356
-8.207262039
-8.229024887
-8.266469955
-8.319276810
-8.359283447
-8.392887115
-8.399608612
-8.408250809
-8.412090302
-8.407930374
-8.442815781
-8.428092957
-8.395128250
-8.336240768
-8.255908966
-8.218143463
-8.219743729
-8.214622498
-8.223903656
-8.254629135
-8.259429932
-8.295274734
-8.360563278
-8.365684509
-8.385526657
-8.400249481
-8.415290833
-8.435773849
-8.455297470
-8.448255539
-8.440574646
-8.425851822
-8.380405426
-8.304876328
-8.264869690
-8.232866287
-8.243747711
-8.259109497
-8.235425949
-8.243427277
-8.288232803
-8.330799103
-8.379125595
-8.381366730
-8.406009674
-8.421051025
-8.443775177
-8.428413391
-8.418811798
-8.396728516
-8.350322723
-8.284393311
-8.257829666
-8.234466553
-8.239906311
-8.250148773
-8.260068893
-8.257829666
-8.303276062
-8.365364075
-8.394807816
-8.393527985
-8.396728516
-8.421691895
-8.444734573
-8.448255539
-8.448575974
-8.442495346
-8.438333511
-8.419450760
-8.390647888
-8.321197510
-8.258789062
-8.236705780
-8.217823029
-8.209503174
-8.209503174
-8.227104187
-8.272871017
-8.297195435
-8.308715820
-8.336559296
-8.376245499
-8.397369385
-8.401849747
-8.406969070
-8.424892426
-8.428413391
-8.426813126
-8.410169601
-8.338479996
-8.316717148
-8.313837051
-8.316396713
-8.285993576
-8.249187469
-8.242467880
-8.240226746
-8.249828339
-8.272871017
-8.300075531
-8.346801758
-8.387126923
-8.396728516
-8.410169601
-8.424251556
-8.438974380
-8.448575974
-8.444416046
-8.441215515
-8.432252884
-8.426172256
-8.420732498
-8.373365402
-8.307756424
-8.286632538
-8.275432587
-8.246307373
-8.213342667
-8.204702377
-8.223585129
-8.253667831
-8.285032272
-8.314157486
-8.354803085
-8.389047623
-8.396728516
-8.405689240
-8.417531967
-8.425851822
-8.430652618
-8.430334091
-8.424571991
-8.397048950
-8.378166199
-8.358003616
-8.299114227
-8.254629135
-8.242786407
-8.239585876
-8.253028870
-8.277671814
-8.297513962
-8.339759827
-8.389688492
-8.409851074
-8.421051025
-8.435773849
-8.446975708
-8.451776505
-8.445375443
-8.426813126
-8.382646561
-8.363443375
-8.339759827
-8.273832321
-8.219743729
-8.205661774
-8.208221436
-8.223264694
-8.241186142
-8.270631790
-8.306156158
-8.350322723
-8.379446030
-8.395448685
-8.418491364
-8.426172256
-8.428413391
-8.425851822
-8.403770447
-8.379125595
-8.357362747
-8.297834396
-8.253667831
-8.235746384
-8.237346649
-8.247587204
-8.272871017
-8.287914276
-8.279272079
-8.305515289
-8.357683182
-8.387126923
-8.406009674
-8.426172256
-8.437694550
-8.444416046
-8.442495346
-8.428413391
-8.406969070
-8.382966995
-8.323118210
-8.251108170
-8.231904984
-8.228385925
-8.221023560
-8.213022232
-8.205341339
-8.243106842
-8.286314011
-8.334640503
-8.352241516
-8.350002289
-8.362163544
-8.398969650
-8.411130905
-8.420412064
-8.425851822
-8.427772522
-8.422332764
-8.385206223
-8.334640503
-8.304555893
-8.273191452
-8.247907639
-8.240867615
-8.233825684
-8.265190125
-8.316717148
-8.333999634
-8.310316086
-8.328239441
-8.382966995
-8.394807816
-8.398649216
-8.398328781
-8.401849747
-8.418491364
-8.425212860
-8.427772522
-8.423612595
-8.399608612
-8.362483978
-8.307115555
-8.256868362
-8.245986938
-8.243106842
-8.266149521
-8.292713165
-8.290153503
-8.304555893
-8.353523254
-8.398969650
-8.413690567
-8.413690567
-8.427772522
-8.448255539
-8.453697205
-8.450815201
-8.444095612
-8.435773849
-8.409210205
-8.371765137
-8.312236786
-8.249828339
-8.220384598
-8.214942932
-8.224544525
-8.246627808
-8.286632538
-8.332399368
-8.365043640
-8.373365402
-8.401849747
-8.417852402
-8.426492691
-8.429372787
-8.426172256
-8.421371460
-8.413690567
-8.414651871
-8.405689240
-8.358003616
-8.304235458
-8.285673141
-8.261669159
-8.245027542
-8.240226746
-8.250467300
-8.287914276
-8.324718475
-8.345842361
-8.374324799
-8.413690567
-8.434494019
-8.440574646
-8.437374115
-8.442815781
-8.441534042
-8.437053680
-8.409851074
-8.338800430
-8.286632538
-8.262310028
-8.235425949
-8.208221436
-8.202781677
-8.218463898
-8.252067566
-8.287273407
-8.307115555
-8.333040237
-8.376245499
-8.395128250
-8.402488708
-8.412731171
-8.422332764
-8.427772522
-8.427772522
-8.414011002
-8.357042313
-8.326639175
-8.324077606
-8.286314011
-8.245027542
-8.240226746
-8.245027542
-8.274471283
-8.320238113
-8.347761154
-8.383287430
-8.422012329
-8.432252884
-8.438333511
-8.439294815
-8.443134308
-8.443775177
-8.427772522
-8.364084244
-8.299755096
-8.292074203
-8.279272079
-8.241186142
-8.206302643
-8.199581146
-8.209182739
-8.252067566
-8.280551910
-8.306156158
-8.329839706
-8.361524582
-8.391286850
-8.403450012
-8.419132233
-8.422971725
-8.425533295
-8.420732498
-8.382646561
-8.352882385
-8.333040237
-8.285673141
-8.245347977
-8.229986191
-8.234146118
-8.245668411
-8.277351379
-8.292074203
-8.273832321
-8.337841034
-8.390007019
-8.415290833
-8.422332764
-8.429372787
-8.436414719
-8.445055008
-8.442815781
-8.425851822
-8.385526657
-8.348402023
-8.286632538
-8.225824356
-8.205982208
-8.205982208
-8.227104187
-8.253349304
-8.245668411
-8.287593842
-8.317037582
-8.353202820
-8.362483978
-8.359924316
-8.370805740
-8.406330109
-8.415290833
-8.418491364
-8.419450760
-8.422971725
-8.426172256
-8.424892426
-8.414331436
-8.388088226
-8.352882385
-8.302635193
-8.257188797
-8.236066818
-8.237667084
-8.250148773
-8.286952972
-8.301996231
-8.281192780
-8.347761154
-8.398328781
-8.419132233
-8.427452087
-8.428413391
-8.438014984
-8.447616577
-8.446016312
-8.434173584
-8.395128250
-8.344560623
-8.297834396
-8.245668411
-8.212383270
-8.206941605
-8.224864960
-8.266149521
-8.279912949
-8.306795120

