31/07/2020 16:31:02
-8.290794373
-8.276391983
-8.243427277
-8.235746384
-8.233825684
-8.248548508
-8.276071548
-8.300395966
-8.327919006
-8.360242844
-8.397687912
-8.419450760
-8.430013657
-8.443134308
-8.448255539
-8.443134308
-8.417531967
-8.367923737
-8.355442047
-8.336879730
-8.271270752
-8.212062836
-8.214942932
-8.220064163
-8.265510559
-8.295595169
-8.295595169
-8.292074203
-8.327598572
-8.369524002
-8.381366730
-8.398008347
-8.413370132
-8.422332764
-8.427452087
-8.426492691
-8.415290833
-8.391607285
-8.335920334
-8.275432587
-8.246307373
-8.246307373
-8.246627808
-8.262630463
-8.273191452
-8.257509232
-8.299114227
-8.365043640
-8.377845764
-8.385206223
-8.380086899
-8.393207550
-8.427133560
-8.436414719
-8.436733246
-8.442174911
-8.444734573
-8.432893753
-8.389368057
-8.330799103
-8.292394638
-8.253988266
-8.215904236
-8.209182739
-8.212383270
-8.246948242
-8.295595169
-8.324077606
-8.318637848
-8.326639175
-8.373044968
-8.391286850
-8.403770447
-8.416891098
-8.424251556
-8.426172256
-8.422651291
-8.385847092
-8.332078934
-8.298475266
-8.270950317
-8.244707108
-8.241506577
-8.250787735
-8.279912949
-8.335279465
-8.355762482
-8.362804413
-8.391286850
-8.430652618
-8.440574646
-8.438333511
-8.432893753
-8.439933777
-8.447616577
-8.448255539
-8.439933777
-8.413370132
-8.373365402
-8.335920334
-8.275432587
-8.223264694
-8.207902908
-8.216863632
-8.260709763
-8.282472610
-8.303276062
-8.342000961
-8.378805161
-8.392887115
-8.395448685
-8.418811798
-8.423933029
-8.429052353
-8.428413391
-8.424892426
-8.410490036
-8.389688492
-8.366643906
-8.328239441
-8.271911621
-8.251428604
-8.244707108
-8.249828339
-8.269990921
-8.294954300
-8.346160889
-8.388088226
-8.399288177
-8.404729843
-8.430652618
-8.440254211
-8.448575974
-8.446655273
-8.436094284
-8.420091629
-8.411769867
-8.415611267
-8.388727188
-8.322477341
-8.265190125
-8.236385345
-8.213022232
-8.207262039
-8.226465225
-8.276391983
-8.305194855
-8.332078934
-8.358324051
-8.388088226
-8.407930374
-8.411130905
-8.414011002
-8.421371460
-8.424251556
-8.430334091
-8.417211533
-8.355762482
-8.319917679
-8.297513962
-8.251428604
-8.216222763
-8.202781677
-8.210783005
-8.228704453
-8.272550583
-8.315116882
-8.345842361
-8.383287430
-8.399608612
-8.411451340
-8.418491364
-8.421371460
-8.417211533
-8.401849747
-8.336240768
-8.290473938
-8.278951645
-8.258150101
-8.237026215
-8.245668411
-8.246307373
-8.238946915
-8.254949570
-8.299114227
-8.327919006
-8.337200165
-8.350002289
-8.383287430
-8.414651871
-8.424571991
-8.431293488
-8.439933777
-8.438974380
-8.425212860
-8.374645233
-8.325359344
-8.271270752
-8.222303391
-8.197340012
-8.189340591
-8.194459915
-8.228385925
-8.262948990
-8.274150848
-8.274471283
-8.296875000
-8.347122192
-8.365684509
-8.380725861
-8.397369385
-8.408889771
-8.416252136
-8.418170929
-8.409851074
-8.389047623
-8.358963013
-8.313196182
-8.257188797
-8.238626480
-8.232545853
-8.243747711
-8.278631210
-8.291753769
-8.299755096
-8.344881058
-8.380086899
-8.395769119
-8.398008347
-8.405689240
-8.422651291
-8.425212860
-8.423292160
-8.422971725
-8.377525330
-8.344560623
-8.314477921
-8.274791718
-8.237985611
-8.217184067
-8.206302643
-8.206302643
-8.207262039
-8.224544525
-8.273191452
-8.282472610
-8.336559296
-8.392887115
-8.410490036
-8.434494019
-8.426813126
-8.431934357
-8.433853149
-8.427133560
-8.422332764
-8.425533295
-8.417211533
-8.399288177
-8.395128250
-8.393527985
-8.331439972
-8.318958282
-8.301996231
-8.293674469
-8.312877655
-8.303915024
-8.333679199
-8.366004944
-8.376245499
-8.339120865
-8.302955627
-8.311595917
-8.358963013
-8.397048950
-8.360883713
-8.266790390
-8.239906311
-8.217184067
-8.257829666
-8.288553238
-8.315757751
-8.364404678
-8.383926392
-8.396087646
-8.403129578
-8.417852402
-8.418170929
-8.420412064
-8.420091629
-8.416252136
-8.415290833
-8.420732498
-8.409210205
-8.369205475
-8.358963013
-8.334959030
-8.343601227
-8.335920334
-8.286952972
-8.266790390
-8.242147446
-8.232866287
-8.235746384
-8.249187469
-8.279912949
-8.330799103
-8.357683182
-8.368564606
-8.374006271
-8.409851074
-8.429693222
-8.424892426
-8.427772522
-8.435773849
-8.416252136
-8.394168854
-8.365684509
-8.250148773
-8.201181412
-8.193500519
-8.209503174
-8.240547180
-8.241506577
-8.242786407
-8.333040237
-8.357683182
-8.374645233
-8.392887115
-8.406330109
-8.412410736
-8.414331436
-8.412410736
-8.401529312
-8.401208878
-8.351282120
-8.272550583
-8.250787735
-8.254949570
-8.214303970
-8.228385925
-8.224544525
-8.278951645
-8.285032272
-8.317037582
-8.368564606
-8.392568588
-8.416252136
-8.429372787
-8.432252884
-8.434494019
-8.428092957
-8.344881058
-8.237346649
-8.238306046
-8.232866287
-8.237985611
-8.251108170
-8.269670486
-8.300075531
-8.289514542
-8.320877075
-8.380086899
-8.398649216
-8.405050278
-8.402809143
-8.415611267
-8.418170929
-8.400249481
-8.382646561
-8.348402023
-8.293994904
-8.252388000
-8.226785660
-8.224544525
-8.243747711
-8.276071548
-8.332078934
-8.360242844
-8.368885040
-8.376886368
-8.425851822
-8.429052353
-8.397048950
-8.333679199
-8.308715820
-8.305835724
-8.247907639
-8.205661774
-8.181018829
-8.182619095
-8.202781677
-8.239906311
-8.272550583
-8.301355362
-8.368564606
-8.387126923
-8.309036255
-8.239906311
-8.253028870
-8.275432587
-8.320558548
-8.344881058
-8.371444702
-8.408889771
-8.412410736
-8.437053680
-8.429372787
-8.411769867
-8.384567261
-8.366004944
-8.326959610
-8.253028870
-8.211421967
-8.201181412
-8.200860977
-8.211103439
-8.218143463
-8.254949570
-8.310316086
-8.333360672
-8.368885040
-8.391286850
-8.406009674
-8.414970398
-8.428092957
-8.395128250
-8.318958282
-8.278312683
-8.237985611
-8.304235458
-8.328239441
-8.355762482
-8.370164871
-8.343601227
-8.288553238
-8.308076859
-8.376245499
-8.416891098
-8.414651871
-8.413370132
-8.411769867
-8.351922989
-8.277351379
-8.213983536
-8.195421219
-8.193180084
-8.198940277
-8.204381943
-8.217823029
-8.275751114
-8.333360672
-8.346801758
-8.346160889
-8.374965668
-8.396728516
-8.421371460
-8.436094284
-8.431613922
-8.421691895
-8.389688492
-8.341360092
-8.278631210
-8.223585129
-8.198301315
-8.209821701
-8.258789062
-8.357042313
-8.381687164
-8.408250809
-8.425533295
-8.439933777
-8.440895081
-8.425851822
-8.410490036
-8.379125595
-8.329198837
-8.285352707
-8.321517944
-8.380725861
-8.395448685
-8.412731171
-8.432893753
-8.435132980
-8.441534042
-8.440574646
-8.437374115
-8.428413391
-8.411769867
-8.393527985
-8.324398041
-8.253988266
-8.211421967
-8.207262039
-8.216222763
-8.206621170
-8.249187469
-8.260709763
-8.313196182
-8.334959030
-8.345521927
-8.383605957
-8.411451340
-8.427452087
-8.434173584
-8.435453415
-8.414651871
-8.371124268
-8.340400696
-8.332399368
-8.292394638
-8.261989594
-8.242467880
-8.221023560
-8.210142136
-8.193180084
-8.189340591
-8.203102112
-8.243106842
-8.267431259
-8.283752441
-8.309995651
-8.375925064
-8.400569916
-8.399288177
-8.409210205
-8.423933029
-8.435132980
-8.431613922
-8.434814453
-8.420091629
-8.391607285
-8.344242096
-8.269670486
-8.217823029
-8.205341339
-8.199581146
-8.210462570
-8.226465225
-8.223903656
-8.250467300
-8.307435989
-8.308076859
-8.366323471
-8.409851074
-8.421691895
-8.431293488
-8.435132980
-8.415611267
-8.354803085
-8.305515289
-8.283752441
-8.258468628
-8.240226746
-8.239906311
-8.230304718
-8.236385345
-8.228704453
-8.251428604
-8.305835724
-8.333679199
-8.348402023
-8.353202820
-8.388406754
-8.404729843
-8.419132233
-8.426492691
-8.419771194
-8.401529312
-8.381046295
-8.378486633
-8.340721130
-8.288232803
-8.274471283
-8.264549255
-8.241827011
-8.234466553
-8.235425949
-8.252708435
-8.287593842
-8.310956955
-8.321197510
-8.355442047
-8.395128250
-8.398008347
-8.438333511
-8.422971725
-8.378166199
-8.372406006
-8.372406006
-8.332399368
-8.280551910
-8.268711090
-8.263910294
-8.263269424
-8.239585876
-8.237985611
-8.249507904
-8.272232056
-8.279272079
-8.273191452

