31/07/2020 16:32:02
-8.415290833
-8.432573318
-8.435132980
-8.423612595
-8.394487381
-8.326318741
-8.253028870
-8.236705780
-8.214303970
-8.215263367
-8.224864960
-8.247268677
-8.269670486
-8.310316086
-8.373044968
-8.380086899
-8.401208878
-8.411769867
-8.420091629
-8.422012329
-8.415290833
-8.393527985
-8.366643906
-8.316396713
-8.261989594
-8.237346649
-8.235746384
-8.243427277
-8.254629135
-8.262630463
-8.244386673
-8.270631790
-8.326639175
-8.344881058
-8.363122940
-8.395128250
-8.412090302
-8.420412064
-8.422971725
-8.422971725
-8.414651871
-8.399929047
-8.362163544
-8.292074203
-8.266469955
-8.264869690
-8.250787735
-8.244386673
-8.242467880
-8.237985611
-8.257188797
-8.303276062
-8.332078934
-8.337841034
-8.344242096
-8.382646561
-8.418170929
-8.423612595
-8.431934357
-8.440254211
-8.446655273
-8.442174911
-8.414970398
-8.365364075
-8.336240768
-8.302955627
-8.242147446
-8.208221436
-8.202140808
-8.209182739
-8.233505249
-8.247587204
-8.279912949
-8.330478668
-8.374645233
-8.391607285
-8.399929047
-8.406969070
-8.422651291
-8.425851822
-8.426492691
-8.422332764
-8.406009674
-8.371124268
-8.314477921
-8.267431259
-8.230625153
-8.266469955
-8.324718475
-8.345521927
-8.328559875
-8.388406754
-8.417211533
-8.442174911
-8.447296143
-8.441854477
-8.439615250
-8.433853149
-8.421691895
-8.388088226
-8.318958282
-8.266149521
-8.234785080
-8.214622498
-8.216863632
-8.239267349
-8.290153503
-8.325998306
-8.345842361
-8.367923737
-8.381366730
-8.405050278
-8.412090302
-8.414011002
-8.422651291
-8.423933029
-8.427452087
-8.427133560
-8.410810471
-8.349681854
-8.324718475
-8.327598572
-8.318317413
-8.269670486
-8.245668411
-8.243747711
-8.251428604
-8.285352707
-8.324077606
-8.365043640
-8.406650543
-8.424251556
-8.432893753
-8.443134308
-8.448575974
-8.437053680
-8.413051605
-8.330478668
-8.260068893
-8.262310028
-8.215583801
-8.218463898
-8.225185394
-8.223903656
-8.247587204
-8.306476593
-8.327919006
-8.351602554
-8.378486633
-8.402809143
-8.412090302
-8.431613922
-8.430652618
-8.429052353
-8.427133560
-8.401208878
-8.345842361
-8.319917679
-8.312236786
-8.267749786
-8.241506577
-8.229345322
-8.256229401
-8.306476593
-8.352561951
-8.360563278
-8.356082916
-8.366323471
-8.411130905
-8.427772522
-8.430013657
-8.443454742
-8.444416046
-8.446975708
-8.444095612
-8.431293488
-8.404088974
-8.381366730
-8.343921661
-8.270950317
-8.230625153
-8.219743729
-8.219743729
-8.228704453
-8.230304718
-8.251749039
-8.310956955
-8.343280792
-8.356403351
-8.404729843
-8.430652618
-8.441854477
-8.448255539
-8.443775177
-8.423292160
-8.377525330
-8.372085571
-8.355762482
-8.316078186
-8.279592514
-8.251428604
-8.224544525
-8.208221436
-8.209182739
-8.229024887
-8.275751114
-8.312877655
-8.323118210
-8.321517944
-8.343601227
-8.385847092
-8.394168854
-8.403129578
-8.404088974
-8.414331436
-8.422012329
-8.419450760
-8.426813126
-8.421051025
-8.416252136
-8.400249481
-8.350322723
-8.301034927
-8.274791718
-8.265190125
-8.210142136
-8.219423294
-8.220064163
-8.248548508
-8.300714493
-8.329839706
-8.333999634
-8.360563278
-8.400888443
-8.414651871
-8.421051025
-8.424571991
-8.424571991
-8.416891098
-8.390327454
-8.338800430
-8.299434662
-8.272871017
-8.252388000
-8.241827011
-8.245668411
-8.263589859
-8.303276062
-8.357362747
-8.370805740
-8.369524002
-8.387767792
-8.424251556
-8.435773849
-8.438014984
-8.435453415
-8.442174911
-8.443454742
-8.407930374
-8.374645233
-8.313196182
-8.286314011
-8.256229401
-8.242467880
-8.244707108
-8.257829666
-8.303915024
-8.347761154
-8.357362747
-8.378805161
-8.416570663
-8.434814453
-8.438974380
-8.434173584
-8.436733246
-8.442815781
-8.445695877
-8.444734573
-8.422971725
-8.370805740
-8.335920334
-8.305515289
-8.246948242
-8.209503174
-8.209821701
-8.235425949
-8.264869690
-8.288232803
-8.318317413
-8.357042313
-8.391607285
-8.402488708
-8.417852402
-8.422332764
-8.429052353
-8.423933029
-8.370805740
-8.315757751
-8.281513214
-8.270311356
-8.240226746
-8.204702377
-8.197660446
-8.197340012
-8.207582474
-8.242147446
-8.269031525
-8.304876328
-8.338479996
-8.363443375
-8.398008347
-8.413051605
-8.421051025
-8.425212860
-8.418811798
-8.389688492
-8.357362747
-8.339441299
-8.282793045
-8.221023560
-8.197980881
-8.190620422
-8.193500519
-8.225185394
-8.254629135
-8.268070221
-8.274791718
-8.299755096
-8.342960358
-8.364084244
-8.392248154
-8.407609940
-8.415290833
-8.419450760
-8.412090302
-8.371124268
-8.345201492
-8.296554565
-8.252388000
-8.231904984
-8.241506577
-8.275751114
-8.329198837
-8.336559296
-8.381046295
-8.414011002
-8.436414719
-8.432573318
-8.435773849
-8.423292160
-8.392248154
-8.376245499
-8.350961685
-8.315757751
-8.295274734
-8.256229401
-8.240867615
-8.233825684
-8.294954300
-8.325038910
-8.374645233
-8.393527985
-8.385206223
-8.403129578
-8.429052353
-8.435773849
-8.438014984
-8.432252884
-8.411451340
-8.367284775
-8.308395386
-8.238306046
-8.202461243
-8.224544525
-8.214622498
-8.230945587
-8.245347977
-8.293033600
-8.325998306
-8.347761154
-8.353841782
-8.362163544
-8.381046295
-8.400569916
-8.418811798
-8.434814453
-8.432573318
-8.417211533
-8.434814453
-8.425851822
-8.384887695
-8.330478668
-8.290153503
-8.274471283
-8.239267349
-8.202461243
-8.194139481
-8.213022232
-8.272550583
-8.297513962
-8.308715820
-8.323438644
-8.406969070
-8.427772522
-8.423292160
-8.412410736
-8.399929047
-8.381046295
-8.301034927
-8.276391983
-8.266469955
-8.227424622
-8.233825684
-8.256229401
-8.277671814
-8.278312683
-8.303915024
-8.339759827
-8.377845764
-8.411451340
-8.417852402
-8.406330109
-8.438014984
-8.399929047
-8.361204147
-8.337520599
-8.325359344
-8.272232056
-8.226144791
-8.213983536
-8.207262039
-8.206941605
-8.224544525
-8.220703125
-8.255268097
-8.330799103
-8.331119537
-8.323759079
-8.377525330
-8.384887695
-8.399608612
-8.409851074
-8.409851074
-8.401849747
-8.373365402
-8.285032272
-8.237985611
-8.231266022
-8.243747711
-8.289514542
-8.304235458
-8.293674469
-8.308715820
-8.354482651
-8.405368805
-8.397048950
-8.429052353
-8.429693222
-8.419132233
-8.385206223
-8.351282120
-8.273191452
-8.210783005
-8.197660446
-8.196060181
-8.219423294
-8.237985611
-8.280231476
-8.376886368
-8.409851074
-8.406969070
-8.414011002
-8.421691895
-8.391927719
-8.379766464
-8.365043640
-8.279912949
-8.278312683
-8.199260712
-8.227104187
-8.241506577
-8.255588531
-8.314157486
-8.332399368
-8.328559875
-8.328239441
-8.383926392
-8.385206223
-8.385526657
-8.393207550
-8.418170929
-8.423933029
-8.365043640
-8.318317413
-8.293994904
-8.296234131
-8.267110825
-8.243427277
-8.230304718
-8.201822281
-8.210142136
-8.264230728
-8.284713745
-8.280872345
-8.301034927
-8.320558548
-8.357042313
-8.374006271
-8.384887695
-8.393527985
-8.403129578
-8.402170181
-8.443775177
-8.430973053
-8.407289505
-8.376245499
-8.314796448
-8.251428604
-8.187419891
-8.211742401
-8.238946915
-8.252708435
-8.272871017
-8.323759079
-8.414651871
-8.404409409
-8.432573318
-8.434173584
-8.435132980
-8.403129578
-8.386487961
-8.304876328
-8.270950317
-8.257188797
-8.237667084
-8.225185394
-8.230625153
-8.246627808
-8.311595917
-8.397048950
-8.401529312
-8.416252136
-8.418170929
-8.428413391
-8.410490036
-8.355442047
-8.303915024
-8.257829666
-8.240226746
-8.246307373
-8.274791718
-8.285352707
-8.318317413
-8.349040985
-8.364404678
-8.390647888
-8.397369385
-8.398008347
-8.399929047
-8.409210205
-8.406009674
-8.407289505
-8.407289505
-8.376565933
-8.286314011
-8.260709763
-8.232866287
-8.208541870
-8.199581146
-8.210462570
-8.240226746
-8.301355362
-8.341680527
-8.365684509
-8.384246826
-8.398649216
-8.414970398
-8.416891098
-8.416252136
-8.408889771
-8.386167526
-8.344242096
-8.269350052
-8.239585876
-8.233505249
-8.228704453
-8.242786407
-8.252388000
-8.241186142
-8.286314011
-8.330478668
-8.369205475
-8.383926392
-8.382646561
-8.439615250
-8.446655273
-8.445695877
-8.438014984
-8.423612595
-8.393527985

