31/07/2020 16:31:39
-8.408569336
-8.430013657
-8.431934357
-8.432893753
-8.429693222
-8.396408081
-8.336559296
-8.321197510
-8.285993576
-8.246627808
-8.229665756
-8.235105515
-8.248867035
-8.289514542
-8.324718475
-8.345842361
-8.385206223
-8.412410736
-8.417852402
-8.431293488
-8.433853149
-8.432573318
-8.430013657
-8.398328781
-8.325359344
-8.304555893
-8.304235458
-8.257188797
-8.231586456
-8.227104187
-8.220064163
-8.243427277
-8.278631210
-8.304876328
-8.332399368
-8.358642578
-8.396408081
-8.415611267
-8.425851822
-8.437374115
-8.441854477
-8.438014984
-8.423933029
-8.377204895
-8.360242844
-8.358642578
-8.319597244
-8.245668411
-8.213983536
-8.218463898
-8.212383270
-8.213022232
-8.226144791
-8.225185394
-8.238946915
-8.289833069
-8.316717148
-8.344881058
-8.370805740
-8.392568588
-8.407609940
-8.416891098
-8.417531967
-8.403129578
-8.365043640
-8.290473938
-8.250467300
-8.254308701
-8.237985611
-8.251428604
-8.276712418
-8.273832321
-8.288553238
-8.351282120
-8.373685837
-8.382646561
-8.376565933
-8.382005692
-8.421051025
-8.433534622
-8.434814453
-8.438974380
-8.441215515
-8.434173584
-8.400249481
-8.342960358
-8.300395966
-8.262948990
-8.223585129
-8.204702377
-8.203102112
-8.226144791
-8.274150848
-8.311916351
-8.313516617
-8.315757751
-8.362163544
-8.384246826
-8.383926392
-8.431293488
-8.436094284
-8.431934357
-8.420732498
-8.399288177
-8.351922989
-8.309036255
-8.275112152
-8.234146118
-8.208862305
-8.205020905
-8.229345322
-8.268070221
-8.288873672
-8.296875000
-8.335920334
-8.370805740
-8.392248154
-8.391607285
-8.414970398
-8.423292160
-8.423933029
-8.425212860
-8.388406754
-8.328239441
-8.300395966
-8.269990921
-8.248867035
-8.249828339
-8.267110825
-8.312557220
-8.358963013
-8.382326126
-8.402809143
-8.428733826
-8.446334839
-8.449535370
-8.442495346
-8.442174911
-8.431934357
-8.422332764
-8.396408081
-8.329198837
-8.269350052
-8.240867615
-8.223585129
-8.224864960
-8.241506577
-8.278951645
-8.315437317
-8.350961685
-8.371765137
-8.438653946
-8.438014984
-8.448896408
-8.446975708
-8.439615250
-8.392887115
-8.345521927
-8.303596497
-8.241186142
-8.211103439
-8.200540543
-8.211742401
-8.259750366
-8.319597244
-8.375606537
-8.400888443
-8.434814453
-8.445695877
-8.446334839
-8.449535370
-8.448896408
-8.442495346
-8.417852402
-8.362804413
-8.297513962
-8.243427277
-8.217823029
-8.213983536
-8.230625153
-8.277030945
-8.323759079
-8.379446030
-8.388406754
-8.419132233
-8.425533295
-8.432573318
-8.432573318
-8.431613922
-8.424251556
-8.412090302
-8.399608612
-8.376565933
-8.339759827
-8.308076859
-8.277992249
-8.243427277
-8.244707108
-8.244707108
-8.254308701
-8.287914276
-8.295274734
-8.315757751
-8.342321396
-8.399929047
-8.428092957
-8.430334091
-8.429052353
-8.443134308
-8.454977036
-8.459136963
-8.454977036
-8.440574646
-8.402488708
-8.375286102
-8.348081589
-8.303915024
-8.254308701
-8.226465225
-8.225503922
-8.238946915
-8.261989594
-8.303596497
-8.353841782
-8.373365402
-8.372406006
-8.395448685
-8.422012329
-8.430652618
-8.433214188
-8.427452087
-8.435132980
-8.437694550
-8.420091629
-8.384567261
-8.306795120
-8.281192780
-8.273511887
-8.260389328
-8.251749039
-8.253349304
-8.274791718
-8.316717148
-8.350002289
-8.370485306
-8.403450012
-8.435132980
-8.423612595
-8.455297470
-8.432573318
-8.390327454
-8.348081589
-8.271591187
-8.245986938
-8.241186142
-8.258789062
-8.297195435
-8.340721130
-8.402170181
-8.427133560
-8.446016312
-8.448896408
-8.451135635
-8.433214188
-8.388088226
-8.343280792
-8.277992249
-8.254308701
-8.239267349
-8.256549835
-8.253349304
-8.272550583
-8.262310028
-8.313837051
-8.339441299
-8.388727188
-8.419771194
-8.424571991
-8.426492691
-8.445695877
-8.430013657
-8.432573318
-8.426492691
-8.424251556
-8.426492691
-8.431934357
-8.400249481
-8.336879730
-8.276391983
-8.251749039
-8.249187469
-8.210142136
-8.212383270
-8.220703125
-8.330478668
-8.361524582
-8.380405426
-8.408889771
-8.420091629
-8.426492691
-8.434173584
-8.429693222
-8.418170929
-8.409210205
-8.390327454
-8.351282120
-8.287914276
-8.266149521
-8.249507904
-8.264230728
-8.283432007
-8.325677872
-8.369844437
-8.354803085
-8.418491364
-8.425212860
-8.427133560
-8.415611267
-8.351282120
-8.345521927
-8.331439972
-8.293354034
-8.272550583
-8.247907639
-8.252388000
-8.277671814
-8.327919006
-8.412410736
-8.434494019
-8.428092957
-8.432252884
-8.436733246
-8.415290833
-8.373685837
-8.340080261
-8.312236786
-8.269350052
-8.255268097
-8.234146118
-8.227745056
-8.200540543
-8.226465225
-8.264549255
-8.287914276
-8.296234131
-8.354482651
-8.395128250
-8.402170181
-8.402170181
-8.410810471
-8.425533295
-8.424251556
-8.428733826
-8.424571991
-8.414011002
-8.360563278
-8.261669159
-8.205982208
-8.234466553
-8.278951645
-8.317037582
-8.343280792
-8.352241516
-8.378805161
-8.425212860
-8.418491364
-8.437374115
-8.441215515
-8.437053680
-8.432893753
-8.430652618
-8.354803085
-8.263589859
-8.216863632
-8.244068146
-8.273832321
-8.309036255
-8.354803085
-8.404409409
-8.417211533
-8.426172256
-8.416891098
-8.417852402
-8.386167526
-8.289514542
-8.232545853
-8.205982208
-8.231586456
-8.245347977
-8.270950317
-8.296234131
-8.309995651
-8.357042313
-8.399929047
-8.428413391
-8.427772522
-8.430652618
-8.423612595
-8.400888443
-8.361204147
-8.282472610
-8.201181412
-8.203422546
-8.202140808
-8.238626480
-8.278951645
-8.334320068
-8.379766464
-8.394168854
-8.413370132
-8.429693222
-8.429372787
-8.420091629
-8.356723785
-8.307435989
-8.280872345
-8.261030197
-8.262948990
-8.217504501
-8.261669159
-8.304555893
-8.333040237
-8.375286102
-8.408889771
-8.430013657
-8.438974380
-8.443134308
-8.438333511
-8.404088974
-8.405689240
-8.348722458
-8.268711090
-8.251749039
-8.262310028
-8.189659119
-8.282472610
-8.355442047
-8.406969070
-8.411769867
-8.431934357
-8.428092957
-8.446016312
-8.441534042
-8.440574646
-8.440574646
-8.437694550
-8.428413391
-8.357683182
-8.261989594
-8.229665756
-8.197340012
-8.192539215
-8.189659119
-8.205020905
-8.254308701
-8.305194855
-8.369844437
-8.414331436
-8.430973053
-8.430973053
-8.430973053
-8.428733826
-8.407930374
-8.407930374
-8.423933029
-8.386806488
-8.360883713
-8.340080261
-8.296554565
-8.243106842
-8.224864960
-8.204061508
-8.189979553
-8.213342667
-8.221343994
-8.228704453
-8.242147446
-8.287273407
-8.322477341
-8.379446030
-8.401529312
-8.426172256
-8.436733246
-8.440574646
-8.422332764
-8.414970398
-8.380086899
-8.358963013
-8.314477921
-8.281831741
-8.273832321
-8.256868362
-8.244068146
-8.247907639
-8.271270752
-8.320238113
-8.368564606
-8.389047623
-8.389688492
-8.411769867
-8.431613922
-8.438653946
-8.438974380
-8.428092957
-8.425212860
-8.415611267
-8.392248154
-8.317996979
-8.315437317
-8.222303391
-8.221664429
-8.246627808
-8.268711090
-8.301355362
-8.329839706
-8.348402023
-8.350002289
-8.374965668
-8.391607285
-8.405368805
-8.401208878
-8.415611267
-8.413370132
-8.410490036
-8.414651871
-8.412410736
-8.371765137
-8.304876328
-8.273511887
-8.239906311
-8.236705780
-8.251428604
-8.274150848
-8.292713165
-8.316717148
-8.335599899
-8.364723206
-8.405689240
-8.411451340
-8.410490036
-8.412090302
-8.429052353
-8.433214188
-8.434494019
-8.425851822
-8.379446030
-8.343601227
-8.330799103
-8.292394638
-8.241186142
-8.228065491
-8.230304718
-8.236066818
-8.264549255
-8.297513962
-8.329839706
-8.369205475
-8.390647888
-8.404088974
-8.418811798
-8.430652618
-8.437053680
-8.437053680
-8.419450760
-8.364723206
-8.343280792
-8.344881058
-8.296554565
-8.227424622
-8.203102112
-8.197660446
-8.203422546
-8.208221436
-8.212383270
-8.227424622
-8.255268097
-8.295913696
-8.330799103
-8.357042313
-8.394168854
-8.406969070
-8.412090302
-8.416891098
-8.416252136
-8.410490036
-8.401529312
-8.352241516
-8.274150848
-8.256229401
-8.259429932
-8.245668411
-8.236705780
-8.239585876
-8.235425949
-8.244386673
-8.281831741
-8.316717148
-8.342641830
-8.377845764
-8.407609940

