31/07/2020 16:31:28
-8.428092957
-8.448575974
-8.451776505
-8.443134308
-8.410810471
-8.353523254
-8.337200165
-8.336879730
-8.292713165
-8.238946915
-8.220703125
-8.214303970
-8.211421967
-8.203741074
-8.204702377
-8.220384598
-8.252067566
-8.283752441
-8.299434662
-8.323438644
-8.372406006
-8.379125595
-8.406650543
-8.422012329
-8.425212860
-8.427452087
-8.429052353
-8.418811798
-8.364084244
-8.338159561
-8.335920334
-8.278312683
-8.243427277
-8.241186142
-8.244386673
-8.269350052
-8.304876328
-8.333360672
-8.369844437
-8.411451340
-8.428413391
-8.434814453
-8.440254211
-8.439933777
-8.441215515
-8.430334091
-8.380405426
-8.324077606
-8.314477921
-8.299114227
-8.247268677
-8.202140808
-8.195421219
-8.229665756
-8.263589859
-8.284393311
-8.348722458
-8.379125595
-8.409851074
-8.431613922
-8.436414719
-8.442495346
-8.442815781
-8.431934357
-8.388406754
-8.318317413
-8.293674469
-8.277671814
-8.240547180
-8.198301315
-8.198301315
-8.204381943
-8.251108170
-8.268390656
-8.296875000
-8.304555893
-8.342641830
-8.382005692
-8.393527985
-8.403450012
-8.412410736
-8.422332764
-8.424251556
-8.419132233
-8.407930374
-8.375286102
-8.310636520
-8.261030197
-8.241186142
-8.245668411
-8.235105515
-8.239906311
-8.250787735
-8.251108170
-8.240547180
-8.304555893
-8.358324051
-8.380086899
-8.367284775
-8.398008347
-8.407609940
-8.429372787
-8.422651291
-8.400888443
-8.368244171
-8.364084244
-8.331760406
-8.295274734
-8.270950317
-8.243106842
-8.250787735
-8.265830994
-8.267110825
-8.334320068
-8.374645233
-8.405368805
-8.374645233
-8.392568588
-8.393848419
-8.402488708
-8.408569336
-8.405050278
-8.420412064
-8.424892426
-8.427133560
-8.424571991
-8.395448685
-8.334320068
-8.318958282
-8.302314758
-8.231266022
-8.255268097
-8.318958282
-8.346481323
-8.403129578
-8.407609940
-8.428733826
-8.441854477
-8.449535370
-8.451135635
-8.439615250
-8.442815781
-8.436414719
-8.439933777
-8.423933029
-8.397369385
-8.353202820
-8.351282120
-8.341360092
-8.330478668
-8.310316086
-8.276712418
-8.252067566
-8.237985611
-8.229345322
-8.228065491
-8.198621750
-8.224544525
-8.238946915
-8.251108170
-8.317037582
-8.337520599
-8.366643906
-8.396087646
-8.410169601
-8.422012329
-8.423933029
-8.423933029
-8.381366730
-8.336879730
-8.317996979
-8.245668411
-8.259429932
-8.227424622
-8.265190125
-8.301996231
-8.368885040
-8.368564606
-8.377845764
-8.436414719
-8.441215515
-8.439615250
-8.417531967
-8.374965668
-8.342321396
-8.294313431
-8.231266022
-8.204381943
-8.210142136
-8.237985611
-8.296875000
-8.328878403
-8.344242096
-8.418170929
-8.429372787
-8.437374115
-8.436733246
-8.436733246
-8.433534622
-8.415931702
-8.354482651
-8.291112900
-8.246307373
-8.214622498
-8.211742401
-8.236385345
-8.231266022
-8.240226746
-8.285673141
-8.333360672
-8.364723206
-8.376245499
-8.400569916
-8.414011002
-8.420412064
-8.400249481
-8.345201492
-8.276071548
-8.251428604
-8.237667084
-8.243427277
-8.266790390
-8.320558548
-8.373044968
-8.372406006
-8.366964340
-8.373365402
-8.401849747
-8.403129578
-8.402809143
-8.402809143
-8.421371460
-8.350641251
-8.255588531
-8.219423294
-8.208541870
-8.212703705
-8.257188797
-8.283752441
-8.375606537
-8.419771194
-8.437694550
-8.438974380
-8.431934357
-8.395769119
-8.360883713
-8.317678452
-8.277351379
-8.248228073
-8.239267349
-8.249507904
-8.291433334
-8.331760406
-8.408569336
-8.424892426
-8.442174911
-8.446016312
-8.443454742
-8.407609940
-8.355762482
-8.356723785
-8.354803085
-8.321838379
-8.289194107
-8.273191452
-8.214303970
-8.206302643
-8.205020905
-8.231266022
-8.282793045
-8.348081589
-8.356723785
-8.389368057
-8.410810471
-8.426492691
-8.430973053
-8.425533295
-8.415611267
-8.410169601
-8.404088974
-8.388406754
-8.367284775
-8.325677872
-8.320238113
-8.303915024
-8.221984863
-8.207902908
-8.207902908
-8.207902908
-8.232866287
-8.272550583
-8.316078186
-8.358003616
-8.385206223
-8.432252884
-8.443775177
-8.419450760
-8.360242844
-8.309995651
-8.245668411
-8.238626480
-8.268711090
-8.319597244
-8.333999634
-8.321197510
-8.364723206
-8.391927719
-8.394168854
-8.394487381
-8.429052353
-8.420091629
-8.432893753
-8.426492691
-8.379125595
-8.334320068
-8.252708435
-8.261350632
-8.289194107
-8.324077606
-8.404088974
-8.434814453
-8.446016312
-8.433853149
-8.440254211
-8.421691895
-8.388727188
-8.371124268
-8.316396713
-8.238626480
-8.201181412
-8.232545853
-8.257188797
-8.304235458
-8.338800430
-8.384246826
-8.424251556
-8.431293488
-8.434814453
-8.444095612
-8.446334839
-8.445695877
-8.423612595
-8.363122940
-8.308395386
-8.285352707
-8.249507904
-8.213663101
-8.209821701
-8.237346649
-8.276712418
-8.325038910
-8.338159561
-8.372406006
-8.414651871
-8.449855804
-8.448575974
-8.443454742
-8.446655273
-8.446655273
-8.443775177
-8.426172256
-8.387767792
-8.374324799
-8.348081589
-8.321838379
-8.249828339
-8.232225418
-8.260709763
-8.305835724
-8.355762482
-8.338159561
-8.361524582
-8.383287430
-8.402170181
-8.412090302
-8.422651291
-8.436094284
-8.430652618
-8.375286102
-8.305194855
-8.285993576
-8.285352707
-8.290153503
-8.262630463
-8.218143463
-8.209503174
-8.206941605
-8.225503922
-8.254308701
-8.261989594
-8.272232056
-8.322477341
-8.370485306
-8.382646561
-8.389047623
-8.399929047
-8.418811798
-8.426813126
-8.427772522
-8.416252136
-8.383287430
-8.334640503
-8.270311356
-8.243747711
-8.241186142
-8.247907639
-8.281513214
-8.294313431
-8.277351379
-8.341680527
-8.399288177
-8.407609940
-8.418170929
-8.413370132
-8.423933029
-8.450176239
-8.454015732
-8.450496674
-8.444734573
-8.432573318
-8.404409409
-8.357362747
-8.289194107
-8.239267349
-8.218784332
-8.221984863
-8.238306046
-8.263589859
-8.312557220
-8.350641251
-8.366964340
-8.380405426
-8.414331436
-8.421051025
-8.427133560
-8.426813126
-8.427133560
-8.406330109
-8.401529312
-8.397687912
-8.384246826
-8.326639175
-8.291112900
-8.270311356
-8.249507904
-8.245347977
-8.251428604
-8.271911621
-8.320877075
-8.355123520
-8.373044968
-8.403450012
-8.432252884
-8.446975708
-8.446975708
-8.440574646
-8.443134308
-8.440254211
-8.443134308
-8.431613922
-8.381687164
-8.322477341
-8.292074203
-8.254308701
-8.218143463
-8.212062836
-8.236705780
-8.276712418
-8.311916351
-8.342000961
-8.374965668
-8.405689240
-8.415290833
-8.422651291
-8.428413391
-8.428092957
-8.429693222
-8.425851822
-8.385847092
-8.327278137
-8.308076859
-8.305515289
-8.273511887
-8.243747711
-8.245347977
-8.253028870
-8.287273407
-8.330160141
-8.354162216
-8.389368057
-8.425212860
-8.435773849
-8.438333511
-8.442174911
-8.447616577
-8.449214935
-8.438333511
-8.393848419
-8.332399368
-8.315116882
-8.300714493
-8.250787735
-8.209821701
-8.201501846
-8.206621170
-8.231904984
-8.260709763
-8.285993576
-8.312236786
-8.343921661
-8.379766464
-8.398328781
-8.419132233
-8.426813126
-8.430652618
-8.428092957
-8.398328781
-8.375606537
-8.370485306
-8.336879730
-8.272550583
-8.245986938
-8.245347977
-8.251749039
-8.269670486
-8.274471283
-8.283752441
-8.292713165
-8.340721130
-8.385847092
-8.403770447
-8.421371460
-8.436414719
-8.445375443
-8.444734573
-8.433214188
-8.407289505
-8.373044968
-8.309995651
-8.239267349
-8.215583801
-8.212703705
-8.227104187
-8.245027542
-8.243747711
-8.261669159
-8.329198837
-8.337520599
-8.361843109
-8.380725861
-8.404409409
-8.422651291
-8.428413391
-8.430013657
-8.427133560
-8.412731171
-8.385206223
-8.326639175
-8.288873672
-8.264230728
-8.250148773
-8.247907639
-8.256549835
-8.258789062
-8.281513214
-8.334640503
-8.375925064
-8.383926392
-8.387126923
-8.418811798
-8.443134308
-8.449855804
-8.449214935
-8.442174911
-8.442174911
-8.434814453
-8.418170929
-8.374006271
-8.313837051
-8.270631790
-8.229345322
-8.207902908
-8.210462570
-8.238946915
-8.287593842
-8.322477341
-8.327598572
-8.359603882
-8.398008347
-8.413051605
-8.415290833
-8.413051605
-8.425212860
-8.430013657
-8.427772522
-8.414011002
-8.347761154
-8.309356689
-8.285993576
-8.266149521

