31/07/2020 16:30:35
-8.257188797
-8.241186142
-8.265830994
-8.280551910
-8.289833069
-8.296875000
-8.323759079
-8.367605209
-8.376245499
-8.410810471
-8.433853149
-8.436733246
-8.438333511
-8.436414719
-8.395128250
-8.390647888
-8.309356689
-8.233184814
-8.246627808
-8.276391983
-8.305194855
-8.326318741
-8.413370132
-8.432252884
-8.450815201
-8.454656601
-8.450496674
-8.448575974
-8.438653946
-8.420091629
-8.402170181
-8.353841782
-8.276391983
-8.235425949
-8.237667084
-8.222623825
-8.278312683
-8.326318741
-8.337841034
-8.353523254
-8.398969650
-8.433853149
-8.447935104
-8.439294815
-8.411130905
-8.395448685
-8.366643906
-8.308395386
-8.245668411
-8.233184814
-8.220384598
-8.208862305
-8.227424622
-8.269990921
-8.323759079
-8.355762482
-8.355762482
-8.365043640
-8.428733826
-8.437694550
-8.437374115
-8.433214188
-8.413370132
-8.392248154
-8.375286102
-8.266469955
-8.211742401
-8.207902908
-8.209503174
-8.224544525
-8.247268677
-8.278631210
-8.321197510
-8.388406754
-8.389688492
-8.404409409
-8.412410736
-8.459136963
-8.452096939
-8.437374115
-8.380405426
-8.335279465
-8.326959610
-8.318317413
-8.262948990
-8.263589859
-8.292074203
-8.353202820
-8.363763809
-8.362163544
-8.378805161
-8.392887115
-8.401849747
-8.411451340
-8.427133560
-8.442495346
-8.457216263
-8.448575974
-8.446655273
-8.408569336
-8.368244171
-8.296554565
-8.233825684
-8.216543198
-8.217184067
-8.225503922
-8.292074203
-8.301675797
-8.375925064
-8.385847092
-8.413051605
-8.438974380
-8.447935104
-8.451135635
-8.448255539
-8.422012329
-8.365364075
-8.292713165
-8.241827011
-8.213983536
-8.240867615
-8.267110825
-8.314796448
-8.353202820
-8.403770447
-8.435132980
-8.462017059
-8.452415466
-8.445375443
-8.434173584
-8.414011002
-8.348402023
-8.278951645
-8.239906311
-8.228385925
-8.227104187
-8.246307373
-8.287593842
-8.346801758
-8.368564606
-8.371124268
-8.374645233
-8.394168854
-8.415931702
-8.426172256
-8.428413391
-8.431613922
-8.408250809
-8.333999634
-8.250467300
-8.206621170
-8.226785660
-8.237026215
-8.327598572
-8.301355362
-8.329839706
-8.346160889
-8.372085571
-8.393848419
-8.414651871
-8.435773849
-8.446334839
-8.454977036
-8.453056335
-8.439294815
-8.374965668
-8.323118210
-8.303596497
-8.257188797
-8.237026215
-8.237985611
-8.288873672
-8.333360672
-8.397687912
-8.405368805
-8.421371460
-8.438014984
-8.439615250
-8.438014984
-8.400249481
-8.290153503
-8.260709763
-8.255588531
-8.260709763
-8.261989594
-8.283752441
-8.336240768
-8.344560623
-8.396087646
-8.424251556
-8.441215515
-8.430013657
-8.433214188
-8.425851822
-8.423933029
-8.426492691
-8.423292160
-8.412410736
-8.354482651
-8.328239441
-8.299114227
-8.283113480
-8.252708435
-8.245027542
-8.264869690
-8.304876328
-8.335599899
-8.364084244
-8.407289505
-8.436094284
-8.444734573
-8.446016312
-8.451776505
-8.451456070
-8.450176239
-8.441854477
-8.385206223
-8.301675797
-8.240547180
-8.221343994
-8.246948242
-8.280551910
-8.316396713
-8.353523254
-8.378486633
-8.435453415
-8.432252884
-8.432893753
-8.428413391
-8.430652618
-8.406650543
-8.369524002
-8.353523254
-8.333679199
-8.280872345
-8.249828339
-8.239906311
-8.245668411
-8.255268097
-8.283752441
-8.294633865
-8.300395966
-8.344881058
-8.398008347
-8.409530640
-8.422332764
-8.436414719
-8.448896408
-8.452096939
-8.447296143
-8.433214188
-8.403450012
-8.359603882
-8.280231476
-8.229345322
-8.218143463
-8.218143463
-8.237985611
-8.267749786
-8.272550583
-8.309995651
-8.354803085
-8.373365402
-8.383926392
-8.394807816
-8.421051025
-8.429372787
-8.432573318
-8.431934357
-8.426172256
-8.403129578
-8.368244171
-8.308395386
-8.269670486
-8.250467300
-8.253028870
-8.277351379
-8.291753769
-8.305515289
-8.339441299
-8.393207550
-8.416570663
-8.417531967
-8.427452087
-8.446975708
-8.453697205
-8.452415466
-8.447616577
-8.438333511
-8.417211533
-8.389688492
-8.337841034
-8.267749786
-8.230625153
-8.218784332
-8.223903656
-8.241506577
-8.260389328
-8.302314758
-8.357042313
-8.367284775
-8.381046295
-8.412090302
-8.421371460
-8.426813126
-8.428733826
-8.428092957
-8.413690567
-8.409530640
-8.413051605
-8.389688492
-8.332399368
-8.295913696
-8.267110825
-8.250148773
-8.249187469
-8.260389328
-8.296554565
-8.340400696
-8.364084244
-8.382326126
-8.412731171
-8.438974380
-8.447935104
-8.441854477
-8.440895081
-8.443134308
-8.435132980
-8.398969650
-8.323438644
-8.263269424
-8.245027542
-8.242467880
-8.223264694
-8.208862305
-8.220064163
-8.246627808
-8.293033600
-8.330478668
-8.364723206
-8.400569916
-8.412090302
-8.420412064
-8.427133560
-8.425533295
-8.425212860
-8.411769867
-8.360242844
-8.290153503
-8.269031525
-8.261350632
-8.249187469
-8.262948990
-8.264549255
-8.259109497
-8.275432587
-8.322797775
-8.356723785
-8.374006271
-8.395128250
-8.422012329
-8.439294815
-8.444095612
-8.446334839
-8.446655273
-8.434494019
-8.389047623
-8.317037582
-8.289833069
-8.272232056
-8.235746384
-8.204061508
-8.194459915
-8.225503922
-8.260389328
-8.304876328
-8.322158813
-8.321838379
-8.344242096
-8.386487961
-8.399288177
-8.405050278
-8.413690567
-8.422332764
-8.426492691
-8.423933029
-8.404409409
-8.373685837
-8.330478668
-8.276391983
-8.244707108
-8.237985611
-8.244386673
-8.257829666
-8.295595169
-8.305515289
-8.309995651
-8.357362747
-8.408250809
-8.416252136
-8.418491364
-8.422012329
-8.438333511
-8.446655273
-8.443775177
-8.433853149
-8.398649216
-8.359283447
-8.306476593
-8.246948242
-8.215583801
-8.211742401
-8.233505249
-8.261989594
-8.267749786
-8.297513962
-8.344560623
-8.372085571
-8.371444702
-8.372085571
-8.399608612
-8.414651871
-8.422332764
-8.422012329
-8.422332764
-8.411451340
-8.391607285
-8.345521927
-8.286632538
-8.255268097
-8.245347977
-8.243106842
-8.254308701
-8.271270752
-8.303596497
-8.361524582
-8.395128250
-8.396087646
-8.401529312
-8.425533295
-8.438974380
-8.444095612
-8.438974380
-8.428092957
-8.399608612
-8.378166199
-8.339120865
-8.266790390
-8.221664429
-8.210142136
-8.210462570
-8.231266022
-8.253988266
-8.294633865
-8.340400696
-8.352561951
-8.369205475
-8.395128250
-8.411130905
-8.419132233
-8.421051025
-8.421371460
-8.413690567
-8.404729843
-8.400888443
-8.358642578
-8.288232803
-8.264869690
-8.254308701
-8.247587204
-8.237985611
-8.244386673
-8.269350052
-8.302314758
-8.338479996
-8.366643906
-8.399608612
-8.428092957
-8.435453415
-8.434173584
-8.435453415
-8.430334091
-8.423612595
-8.415611267
-8.365364075
-8.286314011
-8.270631790
-8.275751114
-8.234146118
-8.200540543
-8.193500519
-8.189340591
-8.196060181
-8.215904236
-8.237667084
-8.270950317
-8.313837051
-8.344881058
-8.371765137
-8.393848419
-8.411130905
-8.419450760
-8.422651291
-8.421051025
-8.406330109
-8.390327454
-8.381046295
-8.320238113
-8.265190125
-8.242147446
-8.242786407
-8.246307373
-8.248867035
-8.241827011
-8.299755096
-8.318958282
-8.366964340
-8.394807816
-8.408250809
-8.426492691
-8.435453415
-8.436733246
-8.430334091
-8.400249481
-8.366964340
-8.318958282
-8.245347977
-8.208221436
-8.200540543
-8.205020905
-8.226465225
-8.245986938
-8.237667084
-8.243106842
-8.296554565
-8.333360672
-8.346801758
-8.361524582
-8.383926392
-8.409530640
-8.417211533
-8.421051025
-8.420732498
-8.416252136
-8.397048950
-8.345521927
-8.293674469
-8.270950317
-8.245668411
-8.244707108
-8.249187469
-8.251749039
-8.280872345
-8.334959030
-8.358003616
-8.353202820
-8.374965668
-8.415611267
-8.433214188
-8.435453415
-8.435132980
-8.436414719
-8.433534622
-8.417852402
-8.374965668
-8.308395386
-8.259750366
-8.227424622
-8.207902908
-8.201822281
-8.214942932
-8.254308701
-8.303276062
-8.319597244
-8.323118210
-8.358963013
-8.389047623
-8.402488708
-8.407930374
-8.410169601
-8.418170929
-8.421691895
-8.422651291
-8.410169601
-8.362163544
-8.322477341
-8.277671814
-8.245347977
-8.237346649
-8.240547180
-8.268711090
-8.319917679
-8.338800430
-8.355762482
-8.385526657
-8.419771194
-8.435453415
-8.434814453
-8.434173584
-8.438974380

