31/07/2020 16:31:14
-8.361524582
-8.318637848
-8.279592514
-8.262948990
-8.257188797
-8.240867615
-8.229986191
-8.240226746
-8.266149521
-8.304555893
-8.348081589
-8.375606537
-8.404409409
-8.427772522
-8.430334091
-8.428733826
-8.433214188
-8.430334091
-8.432573318
-8.417211533
-8.360883713
-8.305194855
-8.284072876
-8.246627808
-8.205982208
-8.192539215
-8.194459915
-8.211103439
-8.259109497
-8.286632538
-8.318317413
-8.364084244
-8.383287430
-8.397687912
-8.408889771
-8.417852402
-8.419132233
-8.418491364
-8.394807816
-8.337841034
-8.310636520
-8.297513962
-8.260068893
-8.234785080
-8.228704453
-8.231266022
-8.259429932
-8.305194855
-8.317358017
-8.336240768
-8.366004944
-8.400569916
-8.416891098
-8.423292160
-8.437053680
-8.438333511
-8.428413391
-8.382005692
-8.319276810
-8.290794373
-8.260389328
-8.220384598
-8.195739746
-8.193500519
-8.205661774
-8.253667831
-8.287273407
-8.289514542
-8.285032272
-8.318317413
-8.359603882
-8.373685837
-8.392887115
-8.405050278
-8.419132233
-8.422012329
-8.414651871
-8.386487961
-8.350961685
-8.302955627
-8.246948242
-8.232866287
-8.234466553
-8.243106842
-8.278631210
-8.296875000
-8.281831741
-8.328239441
-8.390327454
-8.395769119
-8.410169601
-8.409851074
-8.419771194
-8.438974380
-8.441534042
-8.437694550
-8.415931702
-8.373044968
-8.318317413
-8.255268097
-8.217504501
-8.204061508
-8.215263367
-8.247268677
-8.258150101
-8.271591187
-8.320877075
-8.355123520
-8.366643906
-8.390327454
-8.415290833
-8.419771194
-8.427133560
-8.427133560
-8.424571991
-8.416891098
-8.393527985
-8.359924316
-8.311916351
-8.260068893
-8.243427277
-8.242147446
-8.254308701
-8.276712418
-8.306795120
-8.353202820
-8.394168854
-8.409210205
-8.417531967
-8.435453415
-8.444416046
-8.450496674
-8.445375443
-8.427452087
-8.382326126
-8.376245499
-8.382646561
-8.350002289
-8.289514542
-8.251428604
-8.231904984
-8.216863632
-8.217504501
-8.237985611
-8.286314011
-8.318317413
-8.341680527
-8.377525330
-8.399608612
-8.415931702
-8.421051025
-8.426172256
-8.419771194
-8.407289505
-8.406330109
-8.372406006
-8.288232803
-8.279912949
-8.235105515
-8.244068146
-8.256549835
-8.273191452
-8.294954300
-8.328878403
-8.376565933
-8.403129578
-8.416570663
-8.436733246
-8.444734573
-8.444416046
-8.439933777
-8.412090302
-8.388727188
-8.360242844
-8.296234131
-8.229024887
-8.210462570
-8.211742401
-8.229024887
-8.243106842
-8.240867615
-8.255908966
-8.311277390
-8.348722458
-8.359283447
-8.381366730
-8.405689240
-8.422332764
-8.427772522
-8.427772522
-8.414331436
-8.389368057
-8.342000961
-8.275112152
-8.248548508
-8.245668411
-8.253028870
-8.290794373
-8.304555893
-8.300714493
-8.323759079
-8.374965668
-8.405050278
-8.414011002
-8.419450760
-8.438653946
-8.450815201
-8.448575974
-8.443454742
-8.412090302
-8.370164871
-8.320558548
-8.258789062
-8.223264694
-8.213983536
-8.227424622
-8.261030197
-8.276071548
-8.295595169
-8.341680527
-8.374006271
-8.380086899
-8.390007019
-8.420412064
-8.426813126
-8.431613922
-8.430973053
-8.429052353
-8.428413391
-8.422332764
-8.403129578
-8.351282120
-8.289194107
-8.260389328
-8.249187469
-8.251108170
-8.262630463
-8.281192780
-8.328559875
-8.378166199
-8.394807816
-8.406969070
-8.434814453
-8.447616577
-8.455297470
-8.451135635
-8.444095612
-8.434494019
-8.421371460
-8.408250809
-8.353841782
-8.285993576
-8.246948242
-8.223585129
-8.215263367
-8.229345322
-8.264230728
-8.321197510
-8.342641830
-8.363122940
-8.394807816
-8.413370132
-8.424251556
-8.425851822
-8.427452087
-8.424251556
-8.417531967
-8.419450760
-8.391286850
-8.310956955
-8.294954300
-8.298154831
-8.280551910
-8.251108170
-8.245668411
-8.261669159
-8.291433334
-8.335599899
-8.370485306
-8.399608612
-8.433214188
-8.443775177
-8.445055008
-8.446334839
-8.439294815
-8.434173584
-8.427133560
-8.379125595
-8.301355362
-8.281192780
-8.257188797
-8.230304718
-8.207902908
-8.208541870
-8.203741074
-8.221343994
-8.270311356
-8.294954300
-8.316717148
-8.348402023
-8.385206223
-8.406009674
-8.418170929
-8.427452087
-8.431293488
-8.429693222
-8.400888443
-8.363122940
-8.359283447
-8.341360092
-8.282472610
-8.250467300
-8.238626480
-8.243427277
-8.256549835
-8.284393311
-8.297195435
-8.295595169
-8.309677124
-8.358003616
-8.387447357
-8.400249481
-8.422332764
-8.436733246
-8.445375443
-8.446655273
-8.433214188
-8.410169601
-8.374006271
-8.301034927
-8.238306046
-8.220384598
-8.218143463
-8.229986191
-8.257509232
-8.260709763
-8.279592514
-8.342641830
-8.357683182
-8.366323471
-8.375286102
-8.397369385
-8.419771194
-8.427452087
-8.431293488
-8.428092957
-8.411769867
-8.374006271
-8.304876328
-8.268711090
-8.253988266
-8.249507904
-8.269350052
-8.278631210
-8.281831741
-8.312877655
-8.369844437
-8.391927719
-8.390007019
-8.390647888
-8.420412064
-8.444416046
-8.446655273
-8.445375443
-8.445055008
-8.434173584
-8.407609940
-8.351922989
-8.284072876
-8.243747711
-8.222623825
-8.220384598
-8.230625153
-8.254629135
-8.301996231
-8.344242096
-8.357362747
-8.364723206
-8.396728516
-8.414331436
-8.424571991
-8.428413391
-8.430973053
-8.423933029
-8.414011002
-8.397687912
-8.340080261
-8.280551910
-8.255588531
-8.246948242
-8.252708435
-8.265510559
-8.278631210
-8.322158813
-8.371765137
-8.378486633
-8.390327454
-8.412090302
-8.437374115
-8.447935104
-8.445695877
-8.440254211
-8.447296143
-8.451776505
-8.441534042
-8.410810471
-8.351922989
-8.310316086
-8.282793045
-8.240867615
-8.213663101
-8.207262039
-8.228704453
-8.243427277
-8.258150101
-8.275112152
-8.322477341
-8.362163544
-8.366323471
-8.385206223
-8.417531967
-8.412410736
-8.425212860
-8.426492691
-8.407609940
-8.401849747
-8.330478668
-8.322477341
-8.266790390
-8.242147446
-8.237667084
-8.247268677
-8.282793045
-8.313837051
-8.344242096
-8.382005692
-8.405368805
-8.421371460
-8.432252884
-8.450496674
-8.435453415
-8.442495346
-8.410810471
-8.344560623
-8.328239441
-8.329198837
-8.268711090
-8.210142136
-8.225824356
-8.252388000
-8.295913696
-8.306476593
-8.319276810
-8.333040237
-8.361843109
-8.395128250
-8.408250809
-8.417211533
-8.422971725
-8.424892426
-8.419450760
-8.375606537
-8.312236786
-8.287593842
-8.254949570
-8.248548508
-8.249507904
-8.253667831
-8.292074203
-8.353841782
-8.346481323
-8.401529312
-8.404409409
-8.431934357
-8.440574646
-8.440895081
-8.438014984
-8.414331436
-8.364404678
-8.295913696
-8.236385345
-8.208221436
-8.210783005
-8.235425949
-8.261989594
-8.291433334
-8.337200165
-8.370805740
-8.385526657
-8.384887695
-8.407289505
-8.416570663
-8.424251556
-8.427452087
-8.422971725
-8.413370132
-8.404409409
-8.407930374
-8.392887115
-8.338479996
-8.284713745
-8.262948990
-8.243106842
-8.245668411
-8.260389328
-8.287914276
-8.338159561
-8.365364075
-8.376886368
-8.397369385
-8.426492691
-8.441534042
-8.441854477
-8.435773849
-8.441215515
-8.443775177
-8.446655273
-8.443134308
-8.418491364
-8.359924316
-8.304876328
-8.258789062
-8.213663101
-8.200222015
-8.213663101
-8.250148773
-8.285993576
-8.301034927
-8.325998306
-8.373365402
-8.389047623
-8.393848419
-8.409210205
-8.419132233
-8.426172256
-8.427452087
-8.420412064
-8.372406006
-8.364404678
-8.368885040
-8.365364075
-8.305194855
-8.252708435
-8.240547180
-8.237667084
-8.270311356
-8.262948990
-8.298154831
-8.344881058
-8.364404678
-8.372406006
-8.431293488
-8.444416046
-8.440254211
-8.434173584
-8.394487381
-8.338159561
-8.327919006
-8.326639175
-8.284713745
-8.226465225
-8.205661774
-8.208862305
-8.212062836
-8.211742401
-8.218463898
-8.240226746
-8.243747711
-8.267431259
-8.284713745
-8.305515289
-8.352882385
-8.373365402
-8.388088226
-8.404088974
-8.416252136
-8.422651291
-8.431613922
-8.427133560
-8.372724533
-8.336240768
-8.337200165
-8.318637848
-8.261350632
-8.218463898
-8.201501846
-8.202781677
-8.221343994
-8.241827011
-8.266149521
-8.292713165
-8.336559296
-8.368885040
-8.391927719
-8.410169601
-8.419132233
-8.420412064
-8.417211533
-8.397048950
-8.387126923

