31/07/2020 16:31:30
-8.413370132
-8.435773849
-8.442495346
-8.441534042
-8.443454742
-8.431613922
-8.386487961
-8.332719803
-8.319597244
-8.292074203
-8.232545853
-8.202140808
-8.197021484
-8.205982208
-8.239906311
-8.271270752
-8.308395386
-8.341360092
-8.374324799
-8.396087646
-8.409210205
-8.423292160
-8.427133560
-8.426172256
-8.400569916
-8.349681854
-8.342641830
-8.330478668
-8.282472610
-8.245347977
-8.229986191
-8.245347977
-8.278951645
-8.316717148
-8.335599899
-8.339120865
-8.367284775
-8.415931702
-8.424571991
-8.432252884
-8.440574646
-8.443134308
-8.438653946
-8.405368805
-8.354162216
-8.323118210
-8.283752441
-8.223903656
-8.199581146
-8.195421219
-8.214303970
-8.255268097
-8.285993576
-8.281192780
-8.292713165
-8.344560623
-8.365364075
-8.373044968
-8.372085571
-8.385847092
-8.408889771
-8.419771194
-8.424892426
-8.423292160
-8.411451340
-8.383926392
-8.324718475
-8.283752441
-8.265190125
-8.248867035
-8.250787735
-8.255908966
-8.252067566
-8.274791718
-8.330478668
-8.355123520
-8.349040985
-8.377845764
-8.419132233
-8.437694550
-8.440574646
-8.438974380
-8.438333511
-8.440574646
-8.440574646
-8.422651291
-8.372406006
-8.317037582
-8.266469955
-8.221023560
-8.203741074
-8.210142136
-8.238306046
-8.285352707
-8.311916351
-8.317037582
-8.357362747
-8.389688492
-8.405050278
-8.412090302
-8.414331436
-8.422971725
-8.426813126
-8.429372787
-8.424892426
-8.407289505
-8.379125595
-8.346160889
-8.292394638
-8.259750366
-8.242467880
-8.244068146
-8.269350052
-8.290153503
-8.309036255
-8.338800430
-8.388088226
-8.415290833
-8.417211533
-8.425851822
-8.443775177
-8.448896408
-8.448575974
-8.441534042
-8.422971725
-8.391607285
-8.378486633
-8.348402023
-8.277992249
-8.231266022
-8.213342667
-8.211421967
-8.228065491
-8.249187469
-8.286952972
-8.333999634
-8.348722458
-8.368885040
-8.398328781
-8.413370132
-8.424571991
-8.425851822
-8.423933029
-8.408889771
-8.390007019
-8.373685837
-8.315437317
-8.262948990
-8.248548508
-8.243427277
-8.246948242
-8.259750366
-8.281192780
-8.326318741
-8.368885040
-8.393848419
-8.414011002
-8.432252884
-8.447296143
-8.451135635
-8.443775177
-8.430334091
-8.396728516
-8.385206223
-8.360242844
-8.287273407
-8.224224091
-8.213022232
-8.215263367
-8.216543198
-8.221023560
-8.238626480
-8.258789062
-8.304235458
-8.339759827
-8.366643906
-8.405050278
-8.414970398
-8.422651291
-8.425212860
-8.417531967
-8.406969070
-8.382326126
-8.316396713
-8.261989594
-8.249507904
-8.246948242
-8.258789062
-8.281831741
-8.282793045
-8.279592514
-8.308076859
-8.359283447
-8.382646561
-8.395769119
-8.408889771
-8.430334091
-8.441215515
-8.442815781
-8.440254211
-8.425212860
-8.393527985
-8.322797775
-8.260068893
-8.238626480
-8.224544525
-8.220064163
-8.231266022
-8.232225418
-8.258789062
-8.326318741
-8.334959030
-8.381366730
-8.385206223
-8.412410736
-8.421051025
-8.425851822
-8.426492691
-8.425851822
-8.407930374
-8.372085571
-8.322477341
-8.286314011
-8.257509232
-8.243106842
-8.249507904
-8.251108170
-8.263910294
-8.304555893
-8.365684509
-8.374006271
-8.394487381
-8.419450760
-8.447616577
-8.448575974
-8.450815201
-8.443454742
-8.434494019
-8.426492691
-8.406330109
-8.365684509
-8.285352707
-8.233505249
-8.217823029
-8.218143463
-8.241827011
-8.277030945
-8.322158813
-8.357683182
-8.365684509
-8.406650543
-8.417211533
-8.428092957
-8.431293488
-8.428413391
-8.426813126
-8.420091629
-8.422971725
-8.421371460
-8.385847092
-8.324077606
-8.305835724
-8.295274734
-8.267431259
-8.245668411
-8.247268677
-8.273191452
-8.321197510
-8.358003616
-8.388406754
-8.416891098
-8.441854477
-8.446016312
-8.443775177
-8.446975708
-8.440254211
-8.419132233
-8.350641251
-8.280231476
-8.251428604
-8.248548508
-8.238946915
-8.218463898
-8.213022232
-8.221664429
-8.234146118
-8.271270752
-8.298475266
-8.324718475
-8.360242844
-8.428092957
-8.441534042
-8.443454742
-8.438014984
-8.428733826
-8.418491364
-8.370164871
-8.293354034
-8.270311356
-8.272550583
-8.246307373
-8.213022232
-8.204061508
-8.202461243
-8.224544525
-8.259429932
-8.282152176
-8.309677124
-8.343921661
-8.387447357
-8.402170181
-8.416570663
-8.426172256
-8.430973053
-8.430013657
-8.406330109
-8.349040985
-8.340080261
-8.289833069
-8.246627808
-8.237985611
-8.247907639
-8.263589859
-8.309356689
-8.339441299
-8.343280792
-8.389368057
-8.422332764
-8.442174911
-8.446655273
-8.445375443
-8.445055008
-8.448255539
-8.447296143
-8.433534622
-8.393207550
-8.357042313
-8.311277390
-8.243106842
-8.215263367
-8.209182739
-8.210783005
-8.240867615
-8.248228073
-8.294633865
-8.340080261
-8.401529312
-8.391607285
-8.421371460
-8.421051025
-8.426813126
-8.426813126
-8.418170929
-8.375286102
-8.322797775
-8.284713745
-8.251108170
-8.242467880
-8.249828339
-8.269031525
-8.318637848
-8.356403351
-8.365364075
-8.386487961
-8.425533295
-8.442495346
-8.446975708
-8.439294815
-8.440895081
-8.439294815
-8.438974380
-8.435773849
-8.402488708
-8.344881058
-8.304876328
-8.274150848
-8.230625153
-8.208221436
-8.215583801
-8.255268097
-8.288232803
-8.318637848
-8.367923737
-8.379125595
-8.379766464
-8.413370132
-8.412731171
-8.429052353
-8.434494019
-8.427772522
-8.366004944
-8.300714493
-8.279592514
-8.285032272
-8.259750366
-8.218143463
-8.202140808
-8.203422546
-8.221343994
-8.273832321
-8.303276062
-8.337200165
-8.373044968
-8.390647888
-8.411769867
-8.424251556
-8.429372787
-8.431613922
-8.430652618
-8.419450760
-8.368885040
-8.345842361
-8.323438644
-8.258789062
-8.241827011
-8.235746384
-8.244386673
-8.258789062
-8.278312683
-8.293994904
-8.310956955
-8.336240768
-8.374324799
-8.402488708
-8.421691895
-8.442174911
-8.445055008
-8.442174911
-8.419771194
-8.380086899
-8.325998306
-8.278631210
-8.251108170
-8.231586456
-8.230304718
-8.241186142
-8.255908966
-8.275751114
-8.268390656
-8.332719803
-8.353841782
-8.368244171
-8.366323471
-8.374965668
-8.404088974
-8.427452087
-8.432252884
-8.434173584
-8.441534042
-8.449214935
-8.447935104
-8.438333511
-8.384246826
-8.331439972
-8.325677872
-8.286632538
-8.225185394
-8.207582474
-8.215904236
-8.209821701
-8.227104187
-8.252388000
-8.273832321
-8.311595917
-8.353523254
-8.363122940
-8.432573318
-8.440254211
-8.444095612
-8.444416046
-8.438653946
-8.416891098
-8.402488708
-8.393527985
-8.349361420
-8.274791718
-8.250148773
-8.247268677
-8.227104187
-8.201501846
-8.196701050
-8.197340012
-8.215583801
-8.258789062
-8.283113480
-8.306476593
-8.330160141
-8.366643906
-8.374645233
-8.438014984
-8.440254211
-8.445375443
-8.446655273
-8.441534042
-8.440895081
-8.428092957
-8.395769119
-8.335920334
-8.266469955
-8.254629135
-8.237667084
-8.222303391
-8.212703705
-8.216863632
-8.217504501
-8.233825684
-8.285673141
-8.309036255
-8.322797775
-8.321517944
-8.337520599
-8.361204147
-8.375925064
-8.379125595
-8.390007019
-8.391927719
-8.403770447
-8.401849747
-8.409530640
-8.418170929
-8.414970398
-8.429052353
-8.420732498
-8.417211533
-8.423933029
-8.387447357
-8.308715820
-8.276071548
-8.271911621
-8.239585876
-8.243747711
-8.257188797
-8.264549255
-8.329198837
-8.339441299
-8.358003616
-8.372406006
-8.394807816
-8.420091629
-8.428733826
-8.430973053
-8.437053680
-8.435773849
-8.428733826
-8.387126923
-8.310956955
-8.270311356
-8.260389328
-8.218143463
-8.212062836
-8.219423294
-8.215904236
-8.258789062
-8.314477921
-8.333040237
-8.351602554
-8.423292160
-8.435453415
-8.440574646
-8.432252884
-8.404729843
-8.366643906
-8.321517944
-8.253028870
-8.212703705
-8.204061508
-8.210142136
-8.218463898
-8.220384598
-8.263589859
-8.314477921
-8.376886368
-8.398969650
-8.407289505
-8.414011002
-8.420412064
-8.431293488
-8.437374115
-8.430973053
-8.399288177
-8.345521927
-8.296875000
-8.241186142
-8.203102112
-8.199581146
-8.289194107
-8.278631210
-8.332399368
-8.387447357
-8.420091629
-8.434494019
-8.423292160
-8.430973053
-8.420732498
-8.413051605
-8.380725861
-8.358963013
-8.293994904
-8.264549255
-8.249828339

