31/07/2020 16:31:46
-8.431934357
-8.410810471
-8.394487381
-8.404409409
-8.346481323
-8.289514542
-8.246307373
-8.234785080
-8.233505249
-8.250148773
-8.269670486
-8.288873672
-8.326318741
-8.360242844
-8.387126923
-8.410169601
-8.426813126
-8.438653946
-8.431293488
-8.431293488
-8.401208878
-8.380086899
-8.358642578
-8.298475266
-8.228704453
-8.212383270
-8.201181412
-8.215904236
-8.241186142
-8.258468628
-8.267749786
-8.294313431
-8.339120865
-8.356723785
-8.380086899
-8.395128250
-8.407930374
-8.414011002
-8.414651871
-8.403129578
-8.386806488
-8.340400696
-8.246627808
-8.220703125
-8.237667084
-8.269670486
-8.320877075
-8.337520599
-8.323438644
-8.362483978
-8.416891098
-8.405689240
-8.435132980
-8.432573318
-8.433214188
-8.429372787
-8.405050278
-8.352561951
-8.283432007
-8.226465225
-8.205341339
-8.194780350
-8.199581146
-8.220064163
-8.265830994
-8.306156158
-8.312236786
-8.346801758
-8.380725861
-8.405050278
-8.412410736
-8.414651871
-8.408569336
-8.399929047
-8.394168854
-8.368244171
-8.316078186
-8.278631210
-8.256868362
-8.233505249
-8.236705780
-8.245668411
-8.277671814
-8.328878403
-8.354803085
-8.371444702
-8.389688492
-8.421051025
-8.434814453
-8.431934357
-8.439294815
-8.438014984
-8.445055008
-8.421051025
-8.416570663
-8.395769119
-8.373365402
-8.370164871
-8.356723785
-8.303596497
-8.253349304
-8.238626480
-8.234146118
-8.238306046
-8.248548508
-8.264869690
-8.296554565
-8.345842361
-8.378166199
-8.399929047
-8.413051605
-8.421691895
-8.415611267
-8.416570663
-8.382005692
-8.342960358
-8.265190125
-8.240867615
-8.241186142
-8.250467300
-8.285993576
-8.296875000
-8.310636520
-8.325998306
-8.367605209
-8.391286850
-8.413370132
-8.417211533
-8.419771194
-8.421051025
-8.372085571
-8.339441299
-8.284393311
-8.266149521
-8.245347977
-8.243747711
-8.255268097
-8.253349304
-8.274791718
-8.298154831
-8.395769119
-8.426172256
-8.431613922
-8.430013657
-8.417852402
-8.379125595
-8.325359344
-8.258789062
-8.219743729
-8.193500519
-8.200222015
-8.216543198
-8.250467300
-8.317037582
-8.322477341
-8.327598572
-8.358963013
-8.405689240
-8.414331436
-8.418170929
-8.418811798
-8.428092957
-8.412410736
-8.417211533
-8.408569336
-8.374965668
-8.326318741
-8.244386673
-8.240547180
-8.237346649
-8.237667084
-8.257188797
-8.306476593
-8.338479996
-8.373685837
-8.406969070
-8.411130905
-8.407609940
-8.420091629
-8.410169601
-8.414651871
-8.377525330
-8.275112152
-8.199581146
-8.189979553
-8.204702377
-8.238626480
-8.278951645
-8.341680527
-8.359283447
-8.376886368
-8.398008347
-8.422971725
-8.421691895
-8.421691895
-8.421371460
-8.433214188
-8.408569336
-8.356723785
-8.284713745
-8.212703705
-8.213663101
-8.202781677
-8.212062836
-8.242147446
-8.300075531
-8.333999634
-8.368244171
-8.395128250
-8.429693222
-8.412090302
-8.420091629
-8.430334091
-8.408889771
-8.396087646
-8.372406006
-8.319917679
-8.251749039
-8.242147446
-8.229024887
-8.210783005
-8.197340012
-8.200222015
-8.211421967
-8.216543198
-8.212703705
-8.259429932
-8.315757751
-8.379125595
-8.386806488
-8.394168854
-8.422332764
-8.431934357
-8.443775177
-8.420732498
-8.420412064
-8.412731171
-8.414970398
-8.353841782
-8.306795120
-8.286952972
-8.266790390
-8.249187469
-8.236705780
-8.277030945
-8.340080261
-8.358003616
-8.385847092
-8.397048950
-8.403770447
-8.414331436
-8.413370132
-8.400569916
-8.339759827
-8.265190125
-8.245668411
-8.243747711
-8.268711090
-8.291753769
-8.307756424
-8.344242096
-8.392887115
-8.403770447
-8.413690567
-8.420732498
-8.438333511
-8.417211533
-8.412090302
-8.433534622
-8.394168854
-8.356403351
-8.309356689
-8.234785080
-8.199260712
-8.197340012
-8.231586456
-8.283113480
-8.365364075
-8.407609940
-8.426172256
-8.437694550
-8.434814453
-8.430973053
-8.402809143
-8.362483978
-8.321838379
-8.244707108
-8.214942932
-8.225503922
-8.281513214
-8.323118210
-8.330478668
-8.358324051
-8.392568588
-8.395128250
-8.420412064
-8.415290833
-8.420732498
-8.421371460
-8.421371460
-8.409530640
-8.338800430
-8.314796448
-8.309677124
-8.305194855
-8.251108170
-8.210462570
-8.227745056
-8.265830994
-8.292394638
-8.348722458
-8.389688492
-8.429052353
-8.434814453
-8.437374115
-8.427772522
-8.424892426
-8.386167526
-8.352882385
-8.300714493
-8.242786407
-8.218784332
-8.234466553
-8.247587204
-8.269990921
-8.303915024
-8.331119537
-8.359283447
-8.368885040
-8.374006271
-8.396087646
-8.426813126
-8.414970398
-8.422971725
-8.432252884
-8.434173584
-8.434494019
-8.430652618
-8.341360092
-8.241506577
-8.247268677
-8.289514542
-8.326959610
-8.346801758
-8.354803085
-8.384246826
-8.419450760
-8.430973053
-8.431613922
-8.435773849
-8.438974380
-8.423933029
-8.378805161
-8.348081589
-8.317358017
-8.250787735
-8.239267349
-8.222303391
-8.267431259
-8.292394638
-8.344881058
-8.355442047
-8.386806488
-8.412731171
-8.424892426
-8.442495346
-8.438974380
-8.413690567
-8.360563278
-8.351922989
-8.359603882
-8.329519272
-8.295274734
-8.259750366
-8.226144791
-8.201181412
-8.188058853
-8.190299988
-8.193180084
-8.208221436
-8.218143463
-8.219423294
-8.240226746
-8.298475266
-8.326959610
-8.326959610
-8.325359344
-8.359283447
-8.389368057
-8.394168854
-8.399608612
-8.408569336
-8.418170929
-8.421691895
-8.422012329
-8.411130905
-8.389368057
-8.366004944
-8.318958282
-8.262948990
-8.245027542
-8.238306046
-8.243747711
-8.272550583
-8.283752441
-8.301355362
-8.351602554
-8.366964340
-8.400569916
-8.401849747
-8.414011002
-8.418811798
-8.422651291
-8.418170929
-8.393848419
-8.357683182
-8.327278137
-8.280872345
-8.246307373
-8.232225418
-8.242147446
-8.274791718
-8.305515289
-8.324718475
-8.358963013
-8.403450012
-8.423292160
-8.424251556
-8.427133560
-8.438974380
-8.443454742
-8.444095612
-8.434814453
-8.402488708
-8.352882385
-8.320558548
-8.272550583
-8.216863632
-8.198621750
-8.205341339
-8.230625153
-8.261030197
-8.282793045
-8.319917679
-8.363763809
-8.377845764
-8.394487381
-8.411451340
-8.417211533
-8.420412064
-8.420091629
-8.402170181
-8.358963013
-8.339759827
-8.327919006
-8.272550583
-8.235746384
-8.229986191
-8.232545853
-8.262948990
-8.296875000
-8.316396713
-8.355442047
-8.389688492
-8.410169601
-8.420732498
-8.430652618
-8.437053680
-8.437374115
-8.417211533
-8.356082916
-8.320877075
-8.318317413
-8.290153503
-8.230304718
-8.194459915
-8.190299988
-8.203102112
-8.239906311
-8.271911621
-8.294313431
-8.324077606
-8.368564606
-8.385206223
-8.398649216
-8.411451340
-8.414970398
-8.411130905
-8.373044968
-8.327278137
-8.308395386
-8.281831741
-8.240547180
-8.223585129
-8.217823029
-8.242786407
-8.285673141
-8.328559875
-8.327919006
-8.360242844
-8.407289505
-8.424571991
-8.430013657
-8.428733826
-8.427452087
-8.434173584
-8.435773849
-8.422651291
-8.382005692
-8.334959030
-8.287593842
-8.230945587
-8.199260712
-8.192539215
-8.213983536
-8.252708435
-8.276712418
-8.277030945
-8.310636520
-8.366004944
-8.375606537
-8.403450012
-8.404729843
-8.414331436
-8.418170929
-8.421691895
-8.416891098
-8.396087646
-8.363763809
-8.329839706
-8.283432007
-8.250787735
-8.231904984
-8.237026215
-8.262630463
-8.287273407
-8.316717148
-8.365684509
-8.399288177
-8.416252136
-8.413690567
-8.422332764
-8.436733246
-8.443134308
-8.441534042
-8.431934357
-8.407289505
-8.377204895
-8.367284775
-8.341041565
-8.273191452
-8.228385925
-8.207902908
-8.202140808
-8.215263367
-8.243427277
-8.285352707
-8.331439972
-8.348402023
-8.376565933
-8.398969650
-8.410490036
-8.415611267
-8.415931702
-8.411769867
-8.403129578
-8.410490036
-8.366004944
-8.289514542
-8.256868362
-8.244707108
-8.240226746
-8.239906311
-8.247587204
-8.270311356
-8.312236786
-8.362483978
-8.389368057
-8.401208878
-8.417531967
-8.436414719
-8.437374115
-8.431613922
-8.414651871
-8.385526657
-8.373044968
-8.333999634
-8.258468628
-8.214942932
-8.205661774
-8.205661774
-8.214303970
-8.235746384
-8.257829666
-8.293674469
-8.342321396
-8.365684509
-8.389047623
-8.406009674
-8.414331436

