31/07/2020 16:31:51
-8.320238113
-8.281192780
-8.249187469
-8.231266022
-8.220064163
-8.218463898
-8.226785660
-8.248867035
-8.307435989
-8.327278137
-8.332719803
-8.379446030
-8.395128250
-8.414331436
-8.421371460
-8.423933029
-8.425212860
-8.415611267
-8.391607285
-8.341680527
-8.285673141
-8.255908966
-8.243747711
-8.248548508
-8.263269424
-8.275751114
-8.295595169
-8.337520599
-8.385206223
-8.395128250
-8.402170181
-8.428733826
-8.443134308
-8.447935104
-8.444416046
-8.433853149
-8.398969650
-8.372406006
-8.349681854
-8.287273407
-8.237667084
-8.215583801
-8.211742401
-8.203741074
-8.202461243
-8.210142136
-8.255268097
-8.294313431
-8.307756424
-8.330799103
-8.371444702
-8.394168854
-8.395448685
-8.405689240
-8.426813126
-8.429052353
-8.428733826
-8.425212860
-8.384246826
-8.342960358
-8.325998306
-8.310956955
-8.271591187
-8.241827011
-8.240226746
-8.244068146
-8.259429932
-8.277351379
-8.296234131
-8.346801758
-8.390327454
-8.395128250
-8.399929047
-8.422332764
-8.438974380
-8.450496674
-8.443775177
-8.430973053
-8.404729843
-8.399288177
-8.370805740
-8.293674469
-8.231266022
-8.217823029
-8.219423294
-8.232545853
-8.247587204
-8.260068893
-8.283752441
-8.316078186
-8.350961685
-8.395128250
-8.422651291
-8.444095612
-8.444734573
-8.439615250
-8.445055008
-8.442174911
-8.432573318
-8.379446030
-8.304555893
-8.278312683
-8.263269424
-8.253667831
-8.223903656
-8.212383270
-8.220703125
-8.244707108
-8.299755096
-8.326959610
-8.354803085
-8.374006271
-8.386167526
-8.402170181
-8.426813126
-8.427133560
-8.429693222
-8.427452087
-8.403770447
-8.349040985
-8.328878403
-8.266149521
-8.232225418
-8.201501846
-8.191900253
-8.225185394
-8.243106842
-8.288873672
-8.321517944
-8.321517944
-8.333040237
-8.372406006
-8.392248154
-8.401529312
-8.418170929
-8.426172256
-8.427772522
-8.426492691
-8.420412064
-8.414651871
-8.396087646
-8.333999634
-8.266790390
-8.262948990
-8.239585876
-8.251749039
-8.278951645
-8.285352707
-8.281831741
-8.318637848
-8.370164871
-8.387126923
-8.399929047
-8.415931702
-8.431934357
-8.444734573
-8.442495346
-8.439615250
-8.416570663
-8.378166199
-8.316717148
-8.256549835
-8.227424622
-8.215904236
-8.216543198
-8.233184814
-8.237026215
-8.264549255
-8.326959610
-8.346801758
-8.349040985
-8.373365402
-8.406330109
-8.417211533
-8.421371460
-8.422651291
-8.423933029
-8.422332764
-8.420732498
-8.404409409
-8.369205475
-8.328239441
-8.246948242
-8.226465225
-8.206302643
-8.197340012
-8.210783005
-8.272232056
-8.348722458
-8.327919006
-8.389688492
-8.415931702
-8.440254211
-8.437053680
-8.437053680
-8.439615250
-8.437694550
-8.417852402
-8.367284775
-8.297834396
-8.246627808
-8.209821701
-8.214622498
-8.236066818
-8.259109497
-8.307756424
-8.350322723
-8.352882385
-8.363763809
-8.395128250
-8.413051605
-8.422012329
-8.422012329
-8.422651291
-8.418170929
-8.407289505
-8.390647888
-8.324077606
-8.266790390
-8.248867035
-8.241506577
-8.252388000
-8.273832321
-8.312877655
-8.359603882
-8.386487961
-8.393848419
-8.408569336
-8.427772522
-8.444416046
-8.445695877
-8.439933777
-8.429693222
-8.410169601
-8.406330109
-8.374324799
-8.302314758
-8.246627808
-8.235425949
-8.227424622
-8.214303970
-8.212062836
-8.228065491
-8.229665756
-8.251749039
-8.280872345
-8.317037582
-8.358642578
-8.379766464
-8.398969650
-8.416252136
-8.422332764
-8.427452087
-8.426492691
-8.417852402
-8.367284775
-8.365364075
-8.288232803
-8.279912949
-8.243427277
-8.229024887
-8.242786407
-8.279592514
-8.328559875
-8.345521927
-8.360242844
-8.380405426
-8.394807816
-8.410169601
-8.393207550
-8.390327454
-8.439615250
-8.441215515
-8.421691895
-8.366643906
-8.363763809
-8.357683182
-8.279272079
-8.220064163
-8.197021484
-8.207902908
-8.258150101
-8.369524002
-8.384246826
-8.394168854
-8.425851822
-8.443134308
-8.444095612
-8.426492691
-8.423612595
-8.418491364
-8.386806488
-8.325038910
-8.296234131
-8.269350052
-8.232866287
-8.229345322
-8.222944260
-8.247268677
-8.288232803
-8.355762482
-8.329839706
-8.411451340
-8.433214188
-8.438333511
-8.443775177
-8.433214188
-8.396728516
-8.310636520
-8.242786407
-8.220384598
-8.204381943
-8.243747711
-8.268070221
-8.272871017
-8.308715820
-8.341041565
-8.366004944
-8.390327454
-8.398328781
-8.411451340
-8.417852402
-8.419132233
-8.423933029
-8.405689240
-8.311916351
-8.234785080
-8.231586456
-8.252388000
-8.269670486
-8.301355362
-8.311277390
-8.358642578
-8.408889771
-8.417211533
-8.420091629
-8.431613922
-8.437694550
-8.436094284
-8.428733826
-8.393527985
-8.365364075
-8.309356689
-8.248548508
-8.237026215
-8.239906311
-8.259429932
-8.304555893
-8.304876328
-8.347122192
-8.387767792
-8.408569336
-8.410490036
-8.425851822
-8.423612595
-8.410810471
-8.410810471
-8.359283447
-8.282793045
-8.244707108
-8.219102859
-8.209821701
-8.220384598
-8.256229401
-8.298475266
-8.332399368
-8.404409409
-8.413370132
-8.410490036
-8.406330109
-8.404088974
-8.370805740
-8.286952972
-8.272550583
-8.266469955
-8.262630463
-8.238626480
-8.234146118
-8.242467880
-8.253667831
-8.285673141
-8.290794373
-8.354803085
-8.407609940
-8.422971725
-8.439294815
-8.441215515
-8.427133560
-8.359924316
-8.343601227
-8.261030197
-8.236385345
-8.242147446
-8.229024887
-8.206621170
-8.201822281
-8.207902908
-8.207582474
-8.243106842
-8.318317413
-8.331760406
-8.348402023
-8.370805740
-8.410169601
-8.413690567
-8.414970398
-8.415931702
-8.418170929
-8.404088974
-8.351922989
-8.267749786
-8.206621170
-8.208221436
-8.218143463
-8.222303391
-8.252067566
-8.288553238
-8.351282120
-8.377204895
-8.370805740
-8.394487381
-8.432893753
-8.437053680
-8.435132980
-8.440254211
-8.440254211
-8.436094284
-8.430652618
-8.400888443
-8.349681854
-8.301034927
-8.263589859
-8.224224091
-8.203102112
-8.213983536
-8.212703705
-8.261030197
-8.281831741
-8.344242096
-8.389368057
-8.400249481
-8.435132980
-8.376565933
-8.286632538
-8.247907639
-8.233184814
-8.244707108
-8.260709763
-8.285993576
-8.317996979
-8.320238113
-8.362163544
-8.409210205
-8.417211533
-8.425212860
-8.428733826
-8.424251556
-8.413690567
-8.430013657
-8.440895081
-8.435773849
-8.419771194
-8.372085571
-8.362163544
-8.324718475
-8.224224091
-8.205020905
-8.242786407
-8.260389328
-8.305515289
-8.352241516
-8.362804413
-8.369205475
-8.422012329
-8.419132233
-8.393207550
-8.358963013
-8.289833069
-8.277030945
-8.256868362
-8.242786407
-8.244707108
-8.228704453
-8.245986938
-8.275751114
-8.279592514
-8.264869690
-8.262630463
-8.299755096
-8.310636520
-8.328559875
-8.354162216
-8.370485306
-8.415290833
-8.410490036
-8.356403351
-8.359603882
-8.345201492
-8.311277390
-8.297834396
-8.288232803
-8.226785660
-8.206302643
-8.201822281
-8.194139481
-8.290153503
-8.324077606
-8.356082916
-8.386806488
-8.397687912
-8.414970398
-8.419771194
-8.424571991
-8.398008347
-8.369524002
-8.346481323
-8.325038910
-8.276391983
-8.245027542
-8.232225418
-8.236066818
-8.244707108
-8.250787735
-8.267431259
-8.320238113
-8.342960358
-8.348402023
-8.386806488
-8.414331436
-8.438653946
-8.410810471
-8.418811798
-8.355762482
-8.313516617
-8.280231476
-8.227745056
-8.209821701
-8.220064163
-8.232545853
-8.267749786
-8.300714493
-8.337841034
-8.369524002
-8.394807816
-8.402170181
-8.407289505
-8.438974380
-8.419450760
-8.422971725
-8.439933777
-8.433214188
-8.402170181
-8.371124268
-8.379766464
-8.383926392
-8.352882385
-8.306156158
-8.273191452
-8.247587204
-8.238946915
-8.243427277
-8.270311356
-8.314796448
-8.353202820
-8.378805161
-8.406009674
-8.425851822
-8.442815781
-8.440895081
-8.413690567
-8.362483978
-8.287273407
-8.275112152
-8.241186142
-8.236385345
-8.224864960
-8.253028870
-8.303276062
-8.332078934
-8.347761154
-8.356082916
-8.378166199
-8.409210205
-8.422971725
-8.427452087
-8.437694550
-8.440895081
-8.435773849
-8.428413391
-8.400249481
-8.382966995
-8.344881058
-8.266790390
-8.216543198
-8.208221436
-8.211103439
-8.216222763
-8.224544525
-8.219102859
-8.249828339

