31/07/2020 16:30:37
-8.308715820
-8.285673141
-8.272232056
-8.212383270
-8.256229401
-8.280872345
-8.295595169
-8.334320068
-8.350002289
-8.379766464
-8.381046295
-8.376245499
-8.419450760
-8.421051025
-8.424892426
-8.415290833
-8.412090302
-8.350322723
-8.327598572
-8.274471283
-8.250787735
-8.233505249
-8.241186142
-8.261030197
-8.293033600
-8.323118210
-8.362483978
-8.432573318
-8.447296143
-8.423292160
-8.409851074
-8.385206223
-8.369205475
-8.325359344
-8.256549835
-8.229345322
-8.239267349
-8.268390656
-8.303915024
-8.307115555
-8.320877075
-8.345521927
-8.392887115
-8.419771194
-8.426172256
-8.441215515
-8.443775177
-8.442174911
-8.412731171
-8.357683182
-8.344560623
-8.335920334
-8.304876328
-8.266790390
-8.243747711
-8.247587204
-8.240867615
-8.218143463
-8.224864960
-8.317678452
-8.355762482
-8.386487961
-8.401208878
-8.409530640
-8.414011002
-8.417852402
-8.434494019
-8.398328781
-8.343280792
-8.291112900
-8.242786407
-8.215583801
-8.212383270
-8.227424622
-8.266790390
-8.314157486
-8.325998306
-8.383287430
-8.405050278
-8.436733246
-8.448575974
-8.446975708
-8.438974380
-8.445695877
-8.446975708
-8.439294815
-8.405050278
-8.336559296
-8.288553238
-8.256229401
-8.226785660
-8.212703705
-8.217823029
-8.253349304
-8.292713165
-8.314796448
-8.348081589
-8.387767792
-8.408889771
-8.410169601
-8.413051605
-8.424892426
-8.429372787
-8.433534622
-8.433534622
-8.422971725
-8.373365402
-8.352241516
-8.348402023
-8.316717148
-8.259429932
-8.248228073
-8.247268677
-8.262948990
-8.295595169
-8.327919006
-8.369524002
-8.408889771
-8.422332764
-8.431934357
-8.446975708
-8.451776505
-8.454656601
-8.446655273
-8.414970398
-8.362804413
-8.349040985
-8.334320068
-8.269350052
-8.217504501
-8.207262039
-8.212383270
-8.217184067
-8.226465225
-8.245347977
-8.277671814
-8.313837051
-8.352241516
-8.382005692
-8.406969070
-8.422651291
-8.426172256
-8.428733826
-8.411451340
-8.380405426
-8.352561951
-8.285993576
-8.253667831
-8.238626480
-8.238946915
-8.255588531
-8.286632538
-8.303915024
-8.310316086
-8.332078934
-8.383926392
-8.412731171
-8.423612595
-8.441854477
-8.446975708
-8.448255539
-8.430652618
-8.380405426
-8.343280792
-8.306156158
-8.248548508
-8.210462570
-8.204061508
-8.223264694
-8.269670486
-8.305835724
-8.310636520
-8.326959610
-8.376886368
-8.392887115
-8.401849747
-8.413051605
-8.425851822
-8.428733826
-8.428733826
-8.408889771
-8.354803085
-8.320877075
-8.285673141
-8.247268677
-8.243106842
-8.251749039
-8.281831741
-8.338159561
-8.360883713
-8.370805740
-8.398649216
-8.434173584
-8.443454742
-8.444095612
-8.438333511
-8.444734573
-8.444734573
-8.436733246
-8.404729843
-8.339759827
-8.287914276
-8.247268677
-8.216863632
-8.207902908
-8.221664429
-8.270950317
-8.306795120
-8.327278137
-8.364084244
-8.394487381
-8.413690567
-8.416891098
-8.418491364
-8.424892426
-8.427133560
-8.431613922
-8.427133560
-8.395769119
-8.340721130
-8.307435989
-8.294313431
-8.260389328
-8.240867615
-8.252388000
-8.271270752
-8.307115555
-8.341360092
-8.369844437
-8.409210205
-8.431613922
-8.434173584
-8.435453415
-8.445695877
-8.449855804
-8.441215515
-8.410810471
-8.339441299
-8.311916351
-8.303915024
-8.236066818
-8.217184067
-8.213983536
-8.222623825
-8.261350632
-8.317996979
-8.338159561
-8.364723206
-8.392248154
-8.414011002
-8.422332764
-8.425851822
-8.422971725
-8.419450760
-8.392887115
-8.320558548
-8.284072876
-8.282472610
-8.267749786
-8.241827011
-8.242786407
-8.231904984
-8.255268097
-8.303596497
-8.343280792
-8.359283447
-8.361524582
-8.383287430
-8.421691895
-8.433214188
-8.435773849
-8.441215515
-8.440895081
-8.422332764
-8.371124268
-8.314477921
-8.270631790
-8.233825684
-8.208862305
-8.205341339
-8.207902908
-8.245347977
-8.299434662
-8.329198837
-8.325359344
-8.344881058
-8.386167526
-8.396728516
-8.399288177
-8.399288177
-8.406009674
-8.421371460
-8.423933029
-8.423933029
-8.405368805
-8.372085571
-8.329839706
-8.276071548
-8.247587204
-8.239585876
-8.244068146
-8.284072876
-8.302314758
-8.305194855
-8.337520599
-8.393848419
-8.408250809
-8.411130905
-8.408889771
-8.428733826
-8.442815781
-8.445695877
-8.440254211
-8.422971725
-8.378166199
-8.344560623
-8.292074203
-8.231266022
-8.207262039
-8.209503174
-8.237346649
-8.260068893
-8.284713745
-8.326318741
-8.364723206
-8.381687164
-8.395448685
-8.417531967
-8.421691895
-8.426492691
-8.423292160
-8.405050278
-8.368564606
-8.353202820
-8.337841034
-8.291112900
-8.249828339
-8.244707108
-8.242147446
-8.266149521
-8.297195435
-8.325359344
-8.371124268
-8.410810471
-8.419450760
-8.426492691
-8.438333511
-8.443454742
-8.446655273
-8.438333511
-8.401849747
-8.342000961
-8.329519272
-8.314477921
-8.255908966
-8.210462570
-8.200222015
-8.207582474
-8.234466553
-8.263910294
-8.302955627
-8.347122192
-8.373685837
-8.395769119
-8.411130905
-8.422332764
-8.426492691
-8.425851822
-8.399929047
-8.342641830
-8.337520599
-8.303276062
-8.251428604
-8.241827011
-8.231586456
-8.233184814
-8.250467300
-8.283113480
-8.316717148
-8.340080261
-8.372085571
-8.413370132
-8.426172256
-8.434494019
-8.443134308
-8.445695877
-8.438014984
-8.399608612
-8.348402023
-8.326639175
-8.300075531
-8.238306046
-8.202140808
-8.200860977
-8.223585129
-8.267110825
-8.300714493
-8.296234131
-8.303596497
-8.354803085
-8.371765137
-8.377525330
-8.376886368
-8.383605957
-8.406969070
-8.417211533
-8.421691895
-8.422651291
-8.413690567
-8.378805161
-8.311277390
-8.272550583
-8.261669159
-8.250148773
-8.245986938
-8.254629135
-8.248548508
-8.264869690
-8.312557220
-8.357683182
-8.364084244
-8.357362747
-8.382005692
-8.425533295
-8.432573318
-8.434173584
-8.435453415
-8.440254211
-8.444734573
-8.433853149
-8.396408081
-8.346160889
-8.297834396
-8.242147446
-8.207902908
-8.203422546
-8.228385925
-8.272550583
-8.308395386
-8.312877655
-8.352561951
-8.391286850
-8.406330109
-8.410810471
-8.405689240
-8.437374115
-8.441854477
-8.436733246
-8.417211533
-8.356403351
-8.302314758
-8.278312683
-8.248228073
-8.217184067
-8.206941605
-8.215904236
-8.257829666
-8.310956955
-8.346801758
-8.377525330
-8.400888443
-8.410169601
-8.409210205
-8.416252136
-8.422971725
-8.428092957
-8.430013657
-8.423292160
-8.396728516
-8.366323471
-8.341360092
-8.306476593
-8.289514542
-8.273832321
-8.274471283
-8.261989594
-8.247587204
-8.239585876
-8.244068146
-8.274471283
-8.320558548
-8.343921661
-8.370164871
-8.411451340
-8.430013657
-8.435773849
-8.432893753
-8.442174911
-8.444734573
-8.446334839
-8.435773849
-8.391607285
-8.337200165
-8.319917679
-8.287273407
-8.228065491
-8.207262039
-8.209821701
-8.262310028
-8.330478668
-8.379125595
-8.403770447
-8.429372787
-8.440895081
-8.440895081
-8.430652618
-8.385206223
-8.344881058
-8.270311356
-8.223903656
-8.202781677
-8.226785660
-8.263269424
-8.312877655
-8.332078934
-8.411130905
-8.414011002
-8.431934357
-8.439933777
-8.439933777
-8.443134308
-8.444734573
-8.437053680
-8.402488708
-8.340080261
-8.303596497
-8.277030945
-8.236705780
-8.206302643
-8.222944260
-8.266469955
-8.321197510
-8.349681854
-8.351282120
-8.351282120
-8.385847092
-8.406330109
-8.411769867
-8.411769867
-8.415290833
-8.422971725
-8.426813126
-8.422971725
-8.390647888
-8.351922989
-8.316717148
-8.262630463
-8.241186142
-8.238946915
-8.250148773
-8.290153503
-8.306156158
-8.279592514
-8.315116882
-8.369524002
-8.388088226
-8.401849747
-8.408250809
-8.424251556
-8.425533295
-8.433853149
-8.410810471
-8.351602554
-8.310636520
-8.272550583
-8.244707108
-8.243747711
-8.252067566
-8.287273407
-8.341041565
-8.381046295
-8.405368805
-8.434814453
-8.446655273
-8.435453415
-8.446655273
-8.426492691
-8.389047623
-8.379446030
-8.358963013
-8.284393311
-8.227424622
-8.218143463
-8.220064163
-8.216863632
-8.214942932
-8.234146118
-8.273832321
-8.309995651
-8.344881058
-8.373044968
-8.394168854
-8.426813126
-8.425533295
-8.424251556
-8.414011002
-8.409851074
-8.399288177
-8.345201492
-8.279912949

