31/07/2020 16:30:39
-8.349361420
-8.353841782
-8.380405426
-8.385206223
-8.399929047
-8.420091629
-8.422332764
-8.426813126
-8.423292160
-8.399608612
-8.348402023
-8.310956955
-8.278312683
-8.250787735
-8.235425949
-8.246948242
-8.274471283
-8.308395386
-8.336559296
-8.366004944
-8.407289505
-8.431293488
-8.431613922
-8.431613922
-8.443454742
-8.447935104
-8.433853149
-8.420412064
-8.380086899
-8.332719803
-8.330478668
-8.334320068
-8.287273407
-8.229986191
-8.209182739
-8.205341339
-8.211742401
-8.232866287
-8.265510559
-8.311595917
-8.343280792
-8.368564606
-8.398008347
-8.413370132
-8.422971725
-8.425533295
-8.421371460
-8.394168854
-8.379766464
-8.386487961
-8.356082916
-8.279592514
-8.261350632
-8.262630463
-8.267749786
-8.251108170
-8.242786407
-8.253667831
-8.271270752
-8.316078186
-8.354482651
-8.380405426
-8.408569336
-8.418491364
-8.422332764
-8.425533295
-8.417852402
-8.415290833
-8.399288177
-8.331119537
-8.290794373
-8.274150848
-8.276071548
-8.217184067
-8.213983536
-8.216222763
-8.220384598
-8.257509232
-8.343280792
-8.402809143
-8.407289505
-8.419132233
-8.434173584
-8.446334839
-8.443775177
-8.441534042
-8.436733246
-8.419132233
-8.373044968
-8.302955627
-8.248867035
-8.219102859
-8.215583801
-8.231586456
-8.260389328
-8.323438644
-8.347761154
-8.360563278
-8.363122940
-8.367923737
-8.389047623
-8.430013657
-8.441534042
-8.424892426
-8.379766464
-8.336879730
-8.292713165
-8.239585876
-8.209503174
-8.206941605
-8.234146118
-8.280231476
-8.301675797
-8.333040237
-8.376886368
-8.397048950
-8.414970398
-8.423612595
-8.422012329
-8.415931702
-8.412410736
-8.388088226
-8.321838379
-8.255268097
-8.243106842
-8.247268677
-8.266149521
-8.286632538
-8.327598572
-8.380405426
-8.420091629
-8.428413391
-8.435773849
-8.442815781
-8.440574646
-8.416570663
-8.352882385
-8.312557220
-8.289833069
-8.245986938
-8.212383270
-8.198621750
-8.202781677
-8.236066818
-8.282152176
-8.316717148
-8.347761154
-8.374965668
-8.405368805
-8.406969070
-8.409851074
-8.416891098
-8.423612595
-8.425212860
-8.414011002
-8.368885040
-8.376245499
-8.357362747
-8.298795700
-8.254949570
-8.238946915
-8.242467880
-8.245347977
-8.265190125
-8.270950317
-8.259109497
-8.304876328
-8.324398041
-8.343280792
-8.361524582
-8.377525330
-8.405689240
-8.406330109
-8.410169601
-8.421051025
-8.423933029
-8.423612595
-8.406650543
-8.345842361
-8.320238113
-8.303276062
-8.262310028
-8.242147446
-8.229024887
-8.256549835
-8.305194855
-8.360883713
-8.382326126
-8.383605957
-8.401529312
-8.420091629
-8.433214188
-8.432893753
-8.427133560
-8.438014984
-8.443134308
-8.433853149
-8.397369385
-8.353841782
-8.312236786
-8.260389328
-8.215583801
-8.200222015
-8.211103439
-8.273832321
-8.344242096
-8.325038910
-8.384246826
-8.406330109
-8.432573318
-8.437694550
-8.435132980
-8.429693222
-8.437694550
-8.441534042
-8.430652618
-8.379766464
-8.317037582
-8.272871017
-8.229665756
-8.205341339
-8.205982208
-8.230304718
-8.282793045
-8.304235458
-8.307115555
-8.342960358
-8.378805161
-8.398328781
-8.408889771
-8.423933029
-8.422651291
-8.428733826
-8.420412064
-8.378486633
-8.308715820
-8.286632538
-8.278631210
-8.262310028
-8.243106842
-8.235105515
-8.247907639
-8.273511887
-8.310316086
-8.343601227
-8.380405426
-8.416891098
-8.431613922
-8.432573318
-8.434814453
-8.439615250
-8.442174911
-8.441215515
-8.419771194
-8.365364075
-8.335599899
-8.320877075
-8.255908966
-8.204702377
-8.199901581
-8.200540543
-8.220384598
-8.262310028
-8.291433334
-8.336240768
-8.377845764
-8.399608612
-8.414011002
-8.417211533
-8.417211533
-8.404088974
-8.358324051
-8.288232803
-8.269350052
-8.269990921
-8.251749039
-8.241506577
-8.237667084
-8.255908966
-8.295274734
-8.350641251
-8.371765137
-8.376565933
-8.393848419
-8.418811798
-8.431293488
-8.435132980
-8.438333511
-8.440895081
-8.431293488
-8.389047623
-8.317678452
-8.283113480
-8.261989594
-8.231904984
-8.204702377
-8.196380615
-8.200222015
-8.237026215
-8.269350052
-8.277671814
-8.274150848
-8.290473938
-8.342960358
-8.376565933
-8.395128250
-8.412090302
-8.421051025
-8.419132233
-8.412410736
-8.391927719
-8.367284775
-8.334959030
-8.288553238
-8.247268677
-8.236066818
-8.238946915
-8.237985611
-8.291433334
-8.300075531
-8.313516617
-8.363763809
-8.409210205
-8.419132233
-8.413690567
-8.414011002
-8.433853149
-8.441215515
-8.441215515
-8.440574646
-8.439294815
-8.440574646
-8.430652618
-8.395128250
-8.346481323
-8.324077606
-8.315757751
-8.262948990
-8.217184067
-8.205661774
-8.204702377
-8.217184067
-8.232225418
-8.225503922
-8.273191452
-8.314796448
-8.334959030
-8.344560623
-8.342641830
-8.366323471
-8.398969650
-8.405689240
-8.414651871
-8.417852402
-8.419450760
-8.405689240
-8.357683182
-8.292074203
-8.260709763
-8.239906311
-8.241186142
-8.231586456
-8.274791718
-8.327919006
-8.373044968
-8.390007019
-8.382005692
-8.388727188
-8.421051025
-8.438333511
-8.440254211
-8.434494019
-8.438974380
-8.436414719
-8.432893753
-8.420412064
-8.371444702
-8.306795120
-8.259109497
-8.219102859
-8.213983536
-8.231586456
-8.277671814
-8.317678452
-8.363443375
-8.393207550
-8.410810471
-8.414651871
-8.421051025
-8.413051605
-8.368564606
-8.352241516
-8.358324051
-8.349040985
-8.278951645
-8.244386673
-8.237985611
-8.235746384
-8.257188797
-8.265190125
-8.333040237
-8.365043640
-8.387767792
-8.390007019
-8.394168854
-8.407609940
-8.430652618
-8.435132980
-8.432252884
-8.435773849
-8.421051025
-8.382005692
-8.317678452
-8.247268677
-8.246307373
-8.250467300
-8.250467300
-8.241186142
-8.246307373
-8.264869690
-8.306476593
-8.355762482
-8.384887695
-8.405050278
-8.427772522
-8.434494019
-8.441215515
-8.435453415
-8.433214188
-8.431613922
-8.420732498
-8.374645233
-8.295595169
-8.269670486
-8.258468628
-8.227745056
-8.203422546
-8.225824356
-8.261350632
-8.325998306
-8.339441299
-8.365043640
-8.390647888
-8.402488708
-8.444734573
-8.435132980
-8.401849747
-8.350322723
-8.313516617
-8.282472610
-8.233184814
-8.214942932
-8.233184814
-8.247587204
-8.291433334
-8.280872345
-8.343921661
-8.345201492
-8.397369385
-8.388406754
-8.310636520
-8.269350052
-8.224224091
-8.221664429
-8.239267349
-8.247587204
-8.266790390
-8.286632538
-8.310316086
-8.338800430
-8.366323471
-8.400569916
-8.410490036
-8.416570663
-8.417531967
-8.415931702
-8.437053680
-8.439294815
-8.433214188
-8.399929047
-8.349040985
-8.338800430
-8.299434662
-8.244068146
-8.236705780
-8.229345322
-8.230304718
-8.242786407
-8.255268097
-8.265190125
-8.277030945
-8.293033600
-8.305515289
-8.305194855
-8.320558548
-8.362483978
-8.383926392
-8.396087646
-8.417531967
-8.422332764
-8.424571991
-8.387447357
-8.314157486
-8.251428604
-8.245027542
-8.245668411
-8.239906311
-8.256549835
-8.265510559
-8.286314011
-8.351282120
-8.383605957
-8.401208878
-8.414331436
-8.421051025
-8.434173584
-8.438333511
-8.428733826
-8.418811798
-8.387767792
-8.300714493
-8.229024887
-8.228704453
-8.249828339
-8.293674469
-8.291112900
-8.302635193
-8.312557220
-8.357042313
-8.383605957
-8.406650543
-8.435453415
-8.435132980
-8.440254211
-8.431293488
-8.398008347
-8.302635193
-8.289514542
-8.278631210
-8.241827011
-8.226465225
-8.231586456
-8.234466553
-8.257829666
-8.260389328
-8.269350052
-8.320238113
-8.385206223
-8.408569336
-8.404409409
-8.431613922
-8.437053680
-8.435773849
-8.429372787
-8.391927719
-8.324718475
-8.291433334
-8.263589859
-8.237026215
-8.244707108
-8.255908966
-8.289514542
-8.339441299
-8.397687912
-8.404729843
-8.416570663
-8.405689240
-8.446975708
-8.433534622
-8.393207550
-8.367923737
-8.327278137
-8.237985611
-8.194780350
-8.248228073
-8.282472610
-8.334640503
-8.365684509
-8.382646561
-8.409851074
-8.427133560
-8.433534622
-8.425851822
-8.404729843
-8.386487961
-8.362483978
-8.307435989
-8.243427277
-8.225503922
-8.191579819
-8.204702377
-8.218143463
-8.225503922
-8.256229401
-8.316396713
-8.359283447
-8.410490036
-8.419771194
-8.437053680
-8.447616577

