31/07/2020 16:31:44
-8.414970398
-8.412090302
-8.412410736
-8.443454742
-8.443134308
-8.446334839
-8.443134308
-8.425212860
-8.377845764
-8.337200165
-8.299114227
-8.243106842
-8.206941605
-8.201501846
-8.223585129
-8.254308701
-8.293674469
-8.338159561
-8.372085571
-8.396408081
-8.402488708
-8.416252136
-8.421691895
-8.425212860
-8.415931702
-8.398969650
-8.338800430
-8.332399368
-8.338479996
-8.333999634
-8.288553238
-8.262948990
-8.252388000
-8.239267349
-8.239585876
-8.252067566
-8.270950317
-8.325677872
-8.329519272
-8.347761154
-8.379446030
-8.397048950
-8.407289505
-8.415611267
-8.416570663
-8.397369385
-8.380405426
-8.382646561
-8.364404678
-8.300395966
-8.272550583
-8.261989594
-8.247587204
-8.235425949
-8.237667084
-8.257829666
-8.292074203
-8.325359344
-8.357042313
-8.380405426
-8.413690567
-8.430013657
-8.430652618
-8.417211533
-8.416570663
-8.407289505
-8.396087646
-8.337200165
-8.283113480
-8.261350632
-8.261669159
-8.241186142
-8.239585876
-8.248228073
-8.251749039
-8.279912949
-8.320877075
-8.346481323
-8.381046295
-8.389047623
-8.403129578
-8.417531967
-8.425533295
-8.433534622
-8.437694550
-8.414011002
-8.372085571
-8.280872345
-8.246307373
-8.231904984
-8.257829666
-8.267110825
-8.251749039
-8.284713745
-8.342000961
-8.403450012
-8.401208878
-8.407609940
-8.426813126
-8.434173584
-8.421051025
-8.417211533
-8.414970398
-8.406330109
-8.382646561
-8.327598572
-8.303915024
-8.286314011
-8.255268097
-8.231266022
-8.222303391
-8.221984863
-8.239585876
-8.269670486
-8.290473938
-8.280872345
-8.286952972
-8.336240768
-8.389047623
-8.399929047
-8.399929047
-8.408250809
-8.428733826
-8.437374115
-8.434494019
-8.434814453
-8.433214188
-8.414970398
-8.360563278
-8.319597244
-8.291112900
-8.262630463
-8.223585129
-8.193500519
-8.186458588
-8.197340012
-8.236385345
-8.267431259
-8.276712418
-8.273511887
-8.308076859
-8.353841782
-8.379125595
-8.398969650
-8.409210205
-8.415931702
-8.416252136
-8.409851074
-8.376886368
-8.335279465
-8.296875000
-8.252708435
-8.232545853
-8.236385345
-8.260389328
-8.314157486
-8.346481323
-8.381046295
-8.417531967
-8.430334091
-8.422971725
-8.415931702
-8.391927719
-8.317358017
-8.310956955
-8.294954300
-8.234785080
-8.228385925
-8.228704453
-8.232545853
-8.254629135
-8.278312683
-8.300075531
-8.346481323
-8.388727188
-8.406009674
-8.419450760
-8.428413391
-8.438014984
-8.434173584
-8.407289505
-8.333679199
-8.286632538
-8.255908966
-8.216222763
-8.189340591
-8.186140060
-8.187740326
-8.206941605
-8.232545853
-8.242467880
-8.261989594
-8.298795700
-8.333999634
-8.387126923
-8.395769119
-8.409210205
-8.407289505
-8.442174911
-8.431293488
-8.400888443
-8.380405426
-8.366323471
-8.321197510
-8.262310028
-8.253028870
-8.237667084
-8.218784332
-8.208862305
-8.217504501
-8.232545853
-8.278951645
-8.328878403
-8.338479996
-8.365364075
-8.390968323
-8.405689240
-8.416891098
-8.418170929
-8.409851074
-8.395448685
-8.352241516
-8.284072876
-8.244386673
-8.238946915
-8.252067566
-8.228065491
-8.238626480
-8.256549835
-8.311277390
-8.351922989
-8.375925064
-8.394807816
-8.410490036
-8.420412064
-8.421691895
-8.415290833
-8.362804413
-8.314477921
-8.297513962
-8.263269424
-8.223585129
-8.198301315
-8.222623825
-8.245986938
-8.279912949
-8.291433334
-8.331439972
-8.363122940
-8.392248154
-8.395128250
-8.398328781
-8.417531967
-8.423933029
-8.429372787
-8.427133560
-8.421051025
-8.422971725
-8.415931702
-8.392887115
-8.343601227
-8.283432007
-8.284072876
-8.268070221
-8.245986938
-8.239585876
-8.234146118
-8.241186142
-8.273191452
-8.288553238
-8.301355362
-8.336879730
-8.370485306
-8.393207550
-8.397048950
-8.413370132
-8.408889771
-8.408569336
-8.331760406
-8.250148773
-8.211742401
-8.206302643
-8.218143463
-8.256868362
-8.288232803
-8.332078934
-8.363122940
-8.405689240
-8.429052353
-8.436733246
-8.445375443
-8.451456070
-8.435453415
-8.374324799
-8.298795700
-8.233505249
-8.251108170
-8.316396713
-8.339120865
-8.393207550
-8.398328781
-8.409530640
-8.417531967
-8.421051025
-8.426492691
-8.423292160
-8.419771194
-8.406330109
-8.396408081
-8.391927719
-8.368564606
-8.301034927
-8.261030197
-8.237667084
-8.214303970
-8.214622498
-8.227424622
-8.231266022
-8.280231476
-8.333999634
-8.357042313
-8.362483978
-8.389688492
-8.419771194
-8.425851822
-8.425533295
-8.427452087
-8.406330109
-8.394168854
-8.373044968
-8.289833069
-8.230945587
-8.213983536
-8.211103439
-8.225503922
-8.265830994
-8.324718475
-8.352561951
-8.376886368
-8.424571991
-8.418170929
-8.427772522
-8.431293488
-8.430013657
-8.396728516
-8.333360672
-8.295595169
-8.279272079
-8.266469955
-8.252708435
-8.250467300
-8.264230728
-8.280551910
-8.310636520
-8.314157486
-8.318317413
-8.339441299
-8.382326126
-8.409530640
-8.435453415
-8.447616577
-8.453697205
-8.435773849
-8.428733826
-8.415931702
-8.400888443
-8.404088974
-8.329839706
-8.312236786
-8.290473938
-8.240867615
-8.248548508
-8.266149521
-8.289833069
-8.331119537
-8.377204895
-8.409851074
-8.429372787
-8.448255539
-8.448255539
-8.440895081
-8.413370132
-8.373685837
-8.305835724
-8.241827011
-8.228704453
-8.218143463
-8.233505249
-8.241827011
-8.289833069
-8.339120865
-8.365364075
-8.388727188
-8.406650543
-8.426813126
-8.430334091
-8.426492691
-8.428413391
-8.371124268
-8.317358017
-8.251108170
-8.221023560
-8.217504501
-8.225824356
-8.273191452
-8.376245499
-8.441534042
-8.442495346
-8.451776505
-8.448896408
-8.430973053
-8.374965668
-8.337841034
-8.345842361
-8.332399368
-8.265190125
-8.256549835
-8.253988266
-8.245347977
-8.253667831
-8.256229401
-8.260389328
-8.306156158
-8.346160889
-8.374324799
-8.404088974
-8.429372787
-8.447296143
-8.429372787
-8.436414719
-8.424251556
-8.404729843
-8.404088974
-8.357362747
-8.279912949
-8.239585876
-8.283752441
-8.343601227
-8.386167526
-8.419132233
-8.428092957
-8.438014984
-8.436094284
-8.433853149
-8.414331436
-8.353841782
-8.295595169
-8.265190125
-8.257509232
-8.275112152
-8.317678452
-8.371124268
-8.413370132
-8.426172256
-8.443775177
-8.425851822
-8.407930374
-8.333679199
-8.282793045
-8.236705780
-8.223903656
-8.236066818
-8.241827011
-8.259109497
-8.294313431
-8.341360092
-8.352882385
-8.363443375
-8.379125595
-8.419450760
-8.422651291
-8.429693222
-8.435453415
-8.436094284
-8.434173584
-8.428092957
-8.357362747
-8.248228073
-8.244068146
-8.268070221
-8.279912949
-8.297834396
-8.375606537
-8.405050278
-8.447935104
-8.455615997
-8.457536697
-8.467779160
-8.463617325
-8.467458725
-8.461378098
-8.391286850
-8.299114227
-8.295913696
-8.271591187
-8.253988266
-8.254308701
-8.269670486
-8.309995651
-8.325359344
-8.320238113
-8.323759079
-8.364084244
-8.405050278
-8.421691895
-8.429372787
-8.437053680
-8.456897736
-8.456577301
-8.458816528
-8.447616577
-8.423292160
-8.376565933
-8.327598572
-8.285993576
-8.208541870
-8.216543198
-8.250787735
-8.250787735
-8.293033600
-8.327919006
-8.358963013
-8.387767792
-8.399608612
-8.419450760
-8.431293488
-8.435132980
-8.434494019
-8.388406754
-8.287273407
-8.233505249
-8.251749039
-8.281831741
-8.299434662
-8.337841034
-8.365364075
-8.383926392
-8.406009674
-8.425851822
-8.431934357
-8.436414719
-8.435773849
-8.431293488
-8.397687912
-8.375286102
-8.352561951
-8.285993576
-8.260068893
-8.247587204
-8.248548508
-8.271270752
-8.303915024
-8.327278137
-8.360883713
-8.402809143
-8.430334091
-8.444095612
-8.450815201
-8.455615997
-8.449214935
-8.416570663
-8.344881058
-8.308715820
-8.297834396
-8.263910294
-8.217823029
-8.202140808
-8.220703125
-8.264549255
-8.278951645
-8.285032272
-8.301996231
-8.339441299
-8.381366730
-8.397369385
-8.411451340
-8.424251556
-8.430973053
-8.432573318
-8.423612595
-8.384887695
-8.350641251
-8.318317413
-8.273832321
-8.247587204
-8.244707108
-8.260068893
-8.298154831
-8.307756424
-8.331439972
-8.342960358
-8.385526657
-8.424892426
-8.436733246
-8.438653946
-8.441215515
-8.449535370
-8.446334839
-8.434173584
-8.395128250

