31/07/2020 16:30:53
-8.382966995
-8.365684509
-8.388088226
-8.407609940
-8.422651291
-8.425533295
-8.424571991
-8.415611267
-8.414331436
-8.367284775
-8.306795120
-8.250787735
-8.233184814
-8.230304718
-8.247268677
-8.282152176
-8.307435989
-8.313516617
-8.317678452
-8.356403351
-8.394487381
-8.407930374
-8.426492691
-8.438333511
-8.443454742
-8.440574646
-8.431613922
-8.404729843
-8.360883713
-8.289194107
-8.230304718
-8.202781677
-8.200860977
-8.209182739
-8.225185394
-8.241186142
-8.243106842
-8.299755096
-8.333360672
-8.348081589
-8.358003616
-8.367284775
-8.394168854
-8.407609940
-8.416570663
-8.412731171
-8.385526657
-8.365043640
-8.321197510
-8.272550583
-8.259750366
-8.255908966
-8.245986938
-8.239267349
-8.223903656
-8.266469955
-8.334320068
-8.393527985
-8.431613922
-8.427452087
-8.437374115
-8.441854477
-8.443775177
-8.435773849
-8.406330109
-8.359283447
-8.327278137
-8.286952972
-8.230945587
-8.198940277
-8.207262039
-8.237667084
-8.261989594
-8.294954300
-8.345842361
-8.368885040
-8.372724533
-8.409530640
-8.435132980
-8.439933777
-8.434173584
-8.431613922
-8.390647888
-8.300395966
-8.239585876
-8.216863632
-8.209821701
-8.209182739
-8.221343994
-8.237026215
-8.272550583
-8.312236786
-8.330478668
-8.366964340
-8.384887695
-8.383605957
-8.429372787
-8.431293488
-8.425533295
-8.422332764
-8.389688492
-8.318317413
-8.287273407
-8.281831741
-8.235425949
-8.198621750
-8.225185394
-8.224224091
-8.254308701
-8.307435989
-8.317678452
-8.334320068
-8.360242844
-8.382646561
-8.399608612
-8.406650543
-8.414331436
-8.416252136
-8.415290833
-8.387126923
-8.326959610
-8.306795120
-8.281192780
-8.246627808
-8.234146118
-8.228385925
-8.237026215
-8.268390656
-8.310636520
-8.325038910
-8.318637848
-8.330478668
-8.373365402
-8.396728516
-8.406969070
-8.422012329
-8.431293488
-8.435773849
-8.434494019
-8.417852402
-8.383926392
-8.351282120
-8.286632538
-8.220703125
-8.197021484
-8.193820953
-8.201181412
-8.216222763
-8.221984863
-8.248228073
-8.311595917
-8.337200165
-8.345842361
-8.390007019
-8.415931702
-8.428092957
-8.428413391
-8.398649216
-8.351922989
-8.331439972
-8.307756424
-8.253028870
-8.210783005
-8.201181412
-8.218143463
-8.265830994
-8.281513214
-8.282793045
-8.303596497
-8.365364075
-8.376245499
-8.396408081
-8.414011002
-8.417211533
-8.421371460
-8.423933029
-8.416891098
-8.384246826
-8.350322723
-8.297834396
-8.240226746
-8.232225418
-8.231586456
-8.243747711
-8.266469955
-8.287273407
-8.308076859
-8.346160889
-8.395448685
-8.408250809
-8.396408081
-8.409530640
-8.416252136
-8.421691895
-8.417211533
-8.388727188
-8.374324799
-8.378166199
-8.329839706
-8.265510559
-8.239267349
-8.236385345
-8.244068146
-8.274791718
-8.312877655
-8.350641251
-8.393527985
-8.416891098
-8.423292160
-8.427133560
-8.440895081
-8.433534622
-8.418811798
-8.359283447
-8.281192780
-8.262310028
-8.236385345
-8.215904236
-8.209182739
-8.267110825
-8.327919006
-8.389047623
-8.410810471
-8.417852402
-8.423292160
-8.429372787
-8.439615250
-8.427772522
-8.420412064
-8.408889771
-8.374965668
-8.316078186
-8.262948990
-8.246627808
-8.243427277
-8.250787735
-8.245347977
-8.232866287
-8.278631210
-8.312236786
-8.370805740
-8.383605957
-8.375925064
-8.407609940
-8.435453415
-8.445375443
-8.445375443
-8.443134308
-8.439294815
-8.422651291
-8.374006271
-8.316078186
-8.259750366
-8.224544525
-8.209503174
-8.222944260
-8.230945587
-8.260709763
-8.316717148
-8.345842361
-8.359603882
-8.377845764
-8.410810471
-8.418811798
-8.423292160
-8.422971725
-8.423292160
-8.415611267
-8.409851074
-8.393207550
-8.336559296
-8.281831741
-8.261989594
-8.243106842
-8.251428604
-8.271911621
-8.304555893
-8.363763809
-8.408250809
-8.413690567
-8.427772522
-8.441854477
-8.450815201
-8.449855804
-8.438333511
-8.426172256
-8.406969070
-8.407930374
-8.375606537
-8.305835724
-8.288232803
-8.232866287
-8.217823029
-8.222303391
-8.233505249
-8.261989594
-8.303596497
-8.337520599
-8.369205475
-8.410490036
-8.419132233
-8.424251556
-8.426813126
-8.424892426
-8.427452087
-8.428413391
-8.414970398
-8.351282120
-8.279912949
-8.244707108
-8.236385345
-8.222944260
-8.213983536
-8.223903656
-8.244707108
-8.285032272
-8.324718475
-8.342321396
-8.375286102
-8.399608612
-8.407930374
-8.414970398
-8.422012329
-8.424251556
-8.426172256
-8.403450012
-8.333040237
-8.285032272
-8.296554565
-8.260389328
-8.248228073
-8.255588531
-8.244707108
-8.282793045
-8.340721130
-8.375606537
-8.396728516
-8.410810471
-8.430652618
-8.446975708
-8.451776505
-8.447935104
-8.447296143
-8.433214188
-8.364404678
-8.310636520
-8.335599899
-8.269350052
-8.236705780
-8.208541870
-8.189979553
-8.243747711
-8.264869690
-8.303596497
-8.327278137
-8.352561951
-8.379766464
-8.416252136
-8.431613922
-8.447935104
-8.448896408
-8.446975708
-8.419771194
-8.393848419
-8.391927719
-8.392248154
-8.397048950
-8.354482651
-8.278951645
-8.267431259
-8.230945587
-8.226465225
-8.258468628
-8.304235458
-8.325677872
-8.372085571
-8.423933029
-8.427133560
-8.428733826
-8.437053680
-8.434814453
-8.440254211
-8.439933777
-8.440254211
-8.439615250
-8.435773849
-8.414970398
-8.378166199
-8.342960358
-8.317358017
-8.254308701
-8.263269424
-8.257188797
-8.291753769
-8.345842361
-8.381366730
-8.401208878
-8.371444702
-8.420412064
-8.430334091
-8.436094284
-8.438974380
-8.389047623
-8.394807816
-8.306476593
-8.252067566
-8.234466553
-8.222303391
-8.226144791
-8.260389328
-8.303596497
-8.334320068
-8.403770447
-8.427772522
-8.429052353
-8.416252136
-8.407930374
-8.410810471
-8.376886368
-8.300395966
-8.283113480
-8.241506577
-8.300075531
-8.358642578
-8.343280792
-8.349040985
-8.422332764
-8.450815201
-8.428413391
-8.429693222
-8.437694550
-8.429052353
-8.414331436
-8.397687912
-8.344242096
-8.286632538
-8.261030197
-8.262310028
-8.266149521
-8.297513962
-8.382326126
-8.382005692
-8.387767792
-8.445695877
-8.453376770
-8.441534042
-8.410810471
-8.381366730
-8.293354034
-8.233825684
-8.232545853
-8.221664429
-8.230304718
-8.261350632
-8.342960358
-8.394807816
-8.405368805
-8.444095612
-8.461057663
-8.456897736
-8.455615997
-8.448255539
-8.413051605
-8.354482651
-8.332399368
-8.282793045
-8.246307373
-8.217504501
-8.251108170
-8.295913696
-8.315437317
-8.356403351
-8.364723206
-8.369205475
-8.405368805
-8.442495346
-8.446334839
-8.438653946
-8.457857132
-8.462657928
-8.462337494
-8.456256866
-8.444416046
-8.425212860
-8.420091629
-8.384887695
-8.297195435
-8.284393311
-8.258789062
-8.259429932
-8.287593842
-8.293354034
-8.284713745
-8.286632538
-8.327919006
-8.357683182
-8.401208878
-8.413051605
-8.425533295
-8.431613922
-8.432573318
-8.427452087
-8.427772522
-8.433534622
-8.402809143
-8.320238113
-8.302635193
-8.258150101
-8.251428604
-8.266790390
-8.282152176
-8.332399368
-8.393527985
-8.422012329
-8.427133560
-8.454015732
-8.454336166
-8.458816528
-8.457857132
-8.451135635
-8.422332764
-8.319276810
-8.250148773
-8.240867615
-8.284072876
-8.330160141
-8.384567261
-8.416891098
-8.415931702
-8.419132233
-8.436733246
-8.459457397
-8.444734573
-8.448255539
-8.435132980
-8.410490036
-8.392568588
-8.325359344
-8.259429932
-8.248867035
-8.231904984
-8.219102859
-8.250148773
-8.301355362
-8.347761154
-8.375286102
-8.405050278
-8.402488708
-8.407609940
-8.423612595
-8.425212860
-8.425533295
-8.424571991
-8.427452087
-8.426492691
-8.421371460
-8.356723785
-8.263910294
-8.260389328
-8.265510559
-8.250467300
-8.222303391
-8.226785660
-8.249507904
-8.294633865
-8.338800430
-8.361524582
-8.392248154
-8.414651871
-8.416891098
-8.420732498
-8.417531967
-8.443134308
-8.427772522
-8.366964340
-8.294954300
-8.245668411
-8.237985611
-8.229024887
-8.224864960
-8.222623825
-8.221984863
-8.229024887
-8.282472610
-8.321838379
-8.336879730
-8.337841034
-8.370805740
-8.406330109
-8.416252136
-8.431613922
-8.438974380
-8.433214188
-8.426172256
-8.388406754
-8.340080261
-8.329839706
-8.327598572
-8.232225418
-8.209182739

