31/07/2020 16:31:05
-8.382005692
-8.421051025
-8.434173584
-8.448896408
-8.443134308
-8.446016312
-8.443775177
-8.423612595
-8.354482651
-8.299755096
-8.294313431
-8.270631790
-8.238946915
-8.226785660
-8.248228073
-8.248228073
-8.282472610
-8.321197510
-8.329519272
-8.306476593
-8.356723785
-8.400569916
-8.412731171
-8.417531967
-8.422332764
-8.433534622
-8.439294815
-8.437374115
-8.418491364
-8.379125595
-8.339759827
-8.285673141
-8.238306046
-8.236385345
-8.209821701
-8.230945587
-8.264869690
-8.273832321
-8.321838379
-8.370164871
-8.409210205
-8.413370132
-8.438014984
-8.441534042
-8.447296143
-8.447935104
-8.440574646
-8.419450760
-8.377525330
-8.327919006
-8.250148773
-8.220703125
-8.208221436
-8.222623825
-8.222303391
-8.266469955
-8.336879730
-8.352882385
-8.375606537
-8.376565933
-8.406330109
-8.425212860
-8.446016312
-8.449855804
-8.447616577
-8.446655273
-8.438974380
-8.435453415
-8.425851822
-8.405050278
-8.339759827
-8.307756424
-8.275432587
-8.235105515
-8.206941605
-8.199581146
-8.200540543
-8.233184814
-8.262310028
-8.270950317
-8.308395386
-8.325677872
-8.346801758
-8.363763809
-8.366643906
-8.394487381
-8.427133560
-8.408250809
-8.417852402
-8.416252136
-8.422012329
-8.418491364
-8.399929047
-8.370164871
-8.359283447
-8.289194107
-8.255908966
-8.236385345
-8.241827011
-8.261669159
-8.302635193
-8.317678452
-8.265830994
-8.316396713
-8.366643906
-8.382005692
-8.384887695
-8.386806488
-8.408569336
-8.416570663
-8.419450760
-8.420412064
-8.420412064
-8.422332764
-8.421691895
-8.405689240
-8.341041565
-8.304555893
-8.275112152
-8.253028870
-8.236385345
-8.232545853
-8.226785660
-8.272871017
-8.304235458
-8.325038910
-8.345521927
-8.382966995
-8.423933029
-8.417531967
-8.444734573
-8.440254211
-8.440574646
-8.439615250
-8.429693222
-8.398008347
-8.364723206
-8.328878403
-8.293354034
-8.243747711
-8.237026215
-8.232225418
-8.248548508
-8.266790390
-8.285352707
-8.339759827
-8.381687164
-8.414011002
-8.397048950
-8.396728516
-8.432573318
-8.429693222
-8.415931702
-8.357042313
-8.291753769
-8.247587204
-8.259750366
-8.214622498
-8.246307373
-8.276391983
-8.303276062
-8.321838379
-8.408250809
-8.431613922
-8.438333511
-8.444416046
-8.445375443
-8.425212860
-8.366643906
-8.339441299
-8.330799103
-8.274471283
-8.228704453
-8.196701050
-8.212383270
-8.245027542
-8.261350632
-8.297513962
-8.342960358
-8.374324799
-8.405689240
-8.413690567
-8.419771194
-8.422651291
-8.418491364
-8.399929047
-8.379125595
-8.342960358
-8.327278137
-8.301355362
-8.292394638
-8.252067566
-8.237346649
-8.238626480
-8.202781677
-8.245668411
-8.255268097
-8.250467300
-8.280231476
-8.364404678
-8.403770447
-8.370485306
-8.288232803
-8.280872345
-8.273511887
-8.268711090
-8.242467880
-8.220384598
-8.236066818
-8.232545853
-8.223264694
-8.241827011
-8.280231476
-8.322477341
-8.297513962
-8.350641251
-8.391607285
-8.428413391
-8.433853149
-8.434814453
-8.431934357
-8.435132980
-8.433853149
-8.438333511
-8.432252884
-8.405368805
-8.331119537
-8.259750366
-8.247907639
-8.250467300
-8.238306046
-8.237346649
-8.223585129
-8.204381943
-8.206941605
-8.236066818
-8.291112900
-8.323759079
-8.304876328
-8.372085571
-8.421051025
-8.425212860
-8.388088226
-8.280551910
-8.210462570
-8.232225418
-8.278951645
-8.303915024
-8.321197510
-8.348722458
-8.385526657
-8.404729843
-8.413370132
-8.423933029
-8.424251556
-8.423933029
-8.400249481
-8.313196182
-8.322477341
-8.245347977
-8.213342667
-8.197660446
-8.217823029
-8.248228073
-8.291433334
-8.339441299
-8.362483978
-8.378805161
-8.401849747
-8.417531967
-8.420732498
-8.418811798
-8.426172256
-8.427133560
-8.424571991
-8.408250809
-8.350322723
-8.303915024
-8.271591187
-8.245347977
-8.244707108
-8.245027542
-8.257829666
-8.293033600
-8.310956955
-8.301355362
-8.331760406
-8.382005692
-8.390327454
-8.417852402
-8.420412064
-8.424571991
-8.429052353
-8.426172256
-8.415931702
-8.411451340
-8.404409409
-8.409530640
-8.347761154
-8.302635193
-8.260389328
-8.235425949
-8.220384598
-8.226465225
-8.267431259
-8.286952972
-8.331439972
-8.369524002
-8.417852402
-8.420091629
-8.432893753
-8.444095612
-8.449535370
-8.445375443
-8.441534042
-8.439615250
-8.438974380
-8.431613922
-8.414970398
-8.398969650
-8.366643906
-8.319597244
-8.261030197
-8.263269424
-8.222303391
-8.220384598
-8.260068893
-8.291112900
-8.324077606
-8.380086899
-8.392887115
-8.434173584
-8.439294815
-8.444734573
-8.442815781
-8.444095612
-8.443775177
-8.436733246
-8.413370132
-8.378166199
-8.340080261
-8.307756424
-8.295595169
-8.287914276
-8.262630463
-8.224864960
-8.206302643
-8.208862305
-8.243106842
-8.277351379
-8.281831741
-8.336879730
-8.376886368
-8.424892426
-8.434173584
-8.414970398
-8.422971725
-8.429372787
-8.431613922
-8.431613922
-8.412731171
-8.350002289
-8.313837051
-8.283752441
-8.277030945
-8.220703125
-8.251428604
-8.244707108
-8.274791718
-8.281831741
-8.373685837
-8.414651871
-8.449535370
-8.432573318
-8.439294815
-8.411769867
-8.353841782
-8.328559875
-8.261989594
-8.242786407
-8.235746384
-8.237026215
-8.266149521
-8.308715820
-8.294633865
-8.328878403
-8.396408081
-8.413051605
-8.430334091
-8.431293488
-8.439933777
-8.440574646
-8.423292160
-8.342000961
-8.269990921
-8.259429932
-8.235105515
-8.217184067
-8.258150101
-8.273832321
-8.329198837
-8.366323471
-8.400569916
-8.413370132
-8.430973053
-8.434173584
-8.439615250
-8.438014984
-8.424892426
-8.374006271
-8.353841782
-8.302955627
-8.293033600
-8.263910294
-8.250467300
-8.252388000
-8.239906311
-8.296875000
-8.324718475
-8.369524002
-8.420412064
-8.420091629
-8.402809143
-8.452415466
-8.454656601
-8.451456070
-8.447296143
-8.420732498
-8.387126923
-8.335920334
-8.263589859
-8.228065491
-8.238946915
-8.290473938
-8.321197510
-8.355762482
-8.365364075
-8.391607285
-8.413051605
-8.423933029
-8.430013657
-8.430652618
-8.433853149
-8.425851822
-8.390647888
-8.323118210
-8.227745056
-8.290473938
-8.292394638
-8.298154831
-8.309036255
-8.329519272
-8.364404678
-8.388088226
-8.388727188
-8.407289505
-8.421051025
-8.423292160
-8.422332764
-8.425533295
-8.432893753
-8.438974380
-8.423933029
-8.366964340
-8.316396713
-8.302635193
-8.304876328
-8.298475266
-8.263269424
-8.281513214
-8.307756424
-8.356723785
-8.396087646
-8.412090302
-8.428733826
-8.451776505
-8.453376770
-8.451135635
-8.449214935
-8.454656601
-8.443775177
-8.437694550
-8.415611267
-8.376245499
-8.359603882
-8.297195435
-8.234146118
-8.241506577
-8.299114227
-8.321517944
-8.367605209
-8.367605209
-8.402170181
-8.419132233
-8.418811798
-8.424571991
-8.444734573
-8.418811798
-8.347442627
-8.282793045
-8.247907639
-8.239585876
-8.234466553
-8.249507904
-8.277030945
-8.283752441
-8.319917679
-8.365043640
-8.415290833
-8.428413391
-8.429052353
-8.426492691
-8.445375443
-8.453056335
-8.454977036
-8.450496674
-8.425851822
-8.379446030
-8.334640503
-8.290794373
-8.251749039
-8.245027542
-8.260068893
-8.292713165
-8.313837051
-8.351282120
-8.376565933
-8.428092957
-8.425851822
-8.401208878
-8.354162216
-8.333040237
-8.299755096
-8.239906311
-8.232225418
-8.233825684
-8.247268677
-8.290794373
-8.325677872
-8.345201492
-8.351922989
-8.378166199
-8.413370132
-8.409851074
-8.431613922
-8.441215515
-8.445695877
-8.443775177
-8.428092957
-8.394487381
-8.370485306
-8.354803085
-8.276712418
-8.248228073
-8.243427277
-8.250148773
-8.268070221
-8.291112900
-8.280551910
-8.307435989
-8.365043640
-8.385526657
-8.422012329
-8.439615250
-8.448255539
-8.446975708
-8.421691895
-8.361524582
-8.305835724
-8.254629135
-8.216543198
-8.220703125
-8.249828339
-8.268711090
-8.310636520
-8.335920334
-8.336240768
-8.342641830
-8.380086899
-8.401208878
-8.408569336
-8.422651291
-8.423292160
-8.423933029
-8.425212860
-8.422332764
-8.410810471
-8.400569916
-8.396087646
-8.378805161
-8.325677872
-8.277992249
-8.253667831
-8.244386673
-8.236705780
-8.212383270
-8.220384598
-8.277671814
-8.296234131
-8.299434662

