31/07/2020 16:31:41
-8.264869690
-8.268390656
-8.242467880
-8.252708435
-8.283752441
-8.280872345
-8.343601227
-8.392887115
-8.422012329
-8.434494019
-8.431293488
-8.435132980
-8.447296143
-8.446655273
-8.433214188
-8.388406754
-8.334640503
-8.280231476
-8.232225418
-8.210462570
-8.221023560
-8.256229401
-8.299114227
-8.307756424
-8.341041565
-8.383605957
-8.401529312
-8.399608612
-8.416891098
-8.430652618
-8.430652618
-8.439294815
-8.444734573
-8.415611267
-8.355123520
-8.325677872
-8.306476593
-8.269990921
-8.226785660
-8.209503174
-8.221343994
-8.243106842
-8.278951645
-8.320238113
-8.364084244
-8.390007019
-8.401208878
-8.418491364
-8.425212860
-8.418170929
-8.406650543
-8.333679199
-8.259750366
-8.247587204
-8.221984863
-8.225824356
-8.229345322
-8.235105515
-8.231904984
-8.256229401
-8.272232056
-8.273511887
-8.283752441
-8.315757751
-8.348081589
-8.371444702
-8.396408081
-8.418170929
-8.425212860
-8.430334091
-8.422971725
-8.397687912
-8.381366730
-8.381366730
-8.342641830
-8.262948990
-8.258150101
-8.237667084
-8.254629135
-8.285993576
-8.305835724
-8.332078934
-8.365684509
-8.397369385
-8.412731171
-8.424251556
-8.428413391
-8.426172256
-8.400249481
-8.359283447
-8.328878403
-8.302635193
-8.274150848
-8.248228073
-8.238626480
-8.236385345
-8.253667831
-8.285352707
-8.307756424
-8.304555893
-8.313837051
-8.368564606
-8.421691895
-8.422332764
-8.423292160
-8.427772522
-8.438333511
-8.450496674
-8.444095612
-8.412090302
-8.371124268
-8.326639175
-8.258150101
-8.219423294
-8.211103439
-8.210142136
-8.235746384
-8.252388000
-8.258789062
-8.303596497
-8.360242844
-8.378805161
-8.383287430
-8.398649216
-8.428413391
-8.430652618
-8.431293488
-8.429372787
-8.429052353
-8.424251556
-8.408889771
-8.366643906
-8.310636520
-8.250148773
-8.249828339
-8.257829666
-8.281192780
-8.328878403
-8.375925064
-8.417852402
-8.430334091
-8.429693222
-8.441534042
-8.450176239
-8.454336166
-8.450815201
-8.433853149
-8.391286850
-8.358003616
-8.330478668
-8.273191452
-8.226785660
-8.213983536
-8.258468628
-8.267431259
-8.271911621
-8.277030945
-8.312557220
-8.363122940
-8.375925064
-8.382005692
-8.409530640
-8.434814453
-8.445695877
-8.444416046
-8.441854477
-8.422012329
-8.417852402
-8.417211533
-8.378486633
-8.319597244
-8.258789062
-8.254629135
-8.248548508
-8.245347977
-8.262310028
-8.299434662
-8.338479996
-8.366964340
-8.393207550
-8.426492691
-8.448255539
-8.447935104
-8.442495346
-8.438333511
-8.437694550
-8.429693222
-8.368564606
-8.275751114
-8.225824356
-8.215904236
-8.224544525
-8.293994904
-8.358963013
-8.361524582
-8.388406754
-8.415931702
-8.433214188
-8.435453415
-8.441854477
-8.445055008
-8.430973053
-8.419771194
-8.383605957
-8.346801758
-8.286952972
-8.257829666
-8.243747711
-8.261030197
-8.304235458
-8.344242096
-8.339759827
-8.395128250
-8.419771194
-8.439294815
-8.446016312
-8.446334839
-8.424251556
-8.426813126
-8.416252136
-8.384567261
-8.339120865
-8.283752441
-8.255268097
-8.248548508
-8.258789062
-8.284713745
-8.332719803
-8.380725861
-8.395769119
-8.404088974
-8.429372787
-8.448255539
-8.441854477
-8.446655273
-8.409530640
-8.357362747
-8.349040985
-8.292074203
-8.230945587
-8.200860977
-8.207582474
-8.218463898
-8.284072876
-8.351922989
-8.355442047
-8.377845764
-8.375606537
-8.405689240
-8.409851074
-8.430652618
-8.445055008
-8.451776505
-8.447296143
-8.441854477
-8.423292160
-8.391286850
-8.335599899
-8.254629135
-8.226465225
-8.221023560
-8.236066818
-8.238946915
-8.227424622
-8.257188797
-8.317678452
-8.338800430
-8.354162216
-8.358003616
-8.379125595
-8.400888443
-8.427452087
-8.427452087
-8.426172256
-8.426492691
-8.423292160
-8.400569916
-8.342321396
-8.320558548
-8.258150101
-8.251428604
-8.262948990
-8.294633865
-8.330160141
-8.370164871
-8.421051025
-8.420091629
-8.423612595
-8.433853149
-8.439615250
-8.447296143
-8.436733246
-8.325038910
-8.230304718
-8.213022232
-8.302955627
-8.355442047
-8.375606537
-8.391607285
-8.396087646
-8.427772522
-8.421371460
-8.406009674
-8.387447357
-8.340400696
-8.261989594
-8.252708435
-8.251428604
-8.281831741
-8.243427277
-8.235425949
-8.285352707
-8.317358017
-8.338159561
-8.344881058
-8.343921661
-8.364404678
-8.395769119
-8.398969650
-8.405368805
-8.406650543
-8.435132980
-8.436414719
-8.408569336
-8.418491364
-8.422971725
-8.423292160
-8.423933029
-8.410169601
-8.339441299
-8.271591187
-8.265510559
-8.259750366
-8.257829666
-8.272232056
-8.306476593
-8.353841782
-8.381046295
-8.397048950
-8.415611267
-8.431293488
-8.447616577
-8.436414719
-8.393848419
-8.339759827
-8.332399368
-8.261669159
-8.240867615
-8.228065491
-8.231586456
-8.243106842
-8.262948990
-8.273191452
-8.325998306
-8.362804413
-8.362804413
-8.372085571
-8.395128250
-8.417852402
-8.419771194
-8.421051025
-8.419450760
-8.411451340
-8.350002289
-8.324718475
-8.269350052
-8.234146118
-8.234785080
-8.252067566
-8.294954300
-8.324077606
-8.384246826
-8.389688492
-8.420091629
-8.420732498
-8.440574646
-8.443134308
-8.443134308
-8.442495346
-8.432573318
-8.401849747
-8.354803085
-8.328878403
-8.286952972
-8.221664429
-8.203102112
-8.277030945
-8.334640503
-8.341360092
-8.399288177
-8.407609940
-8.437374115
-8.450176239
-8.457857132
-8.455297470
-8.438014984
-8.387767792
-8.324398041
-8.257829666
-8.213342667
-8.197980881
-8.203741074
-8.205661774
-8.215904236
-8.251108170
-8.324398041
-8.392248154
-8.426813126
-8.440254211
-8.444095612
-8.424892426
-8.421371460
-8.374324799
-8.258468628
-8.226144791
-8.276391983
-8.353202820
-8.398328781
-8.408889771
-8.417531967
-8.425533295
-8.426492691
-8.410169601
-8.346801758
-8.281513214
-8.266149521
-8.254949570
-8.231904984
-8.236705780
-8.243106842
-8.270311356
-8.302955627
-8.350322723
-8.394487381
-8.425212860
-8.433853149
-8.438333511
-8.433214188
-8.441215515
-8.436094284
-8.428413391
-8.365364075
-8.313837051
-8.235425949
-8.242786407
-8.268390656
-8.293033600
-8.317358017
-8.340080261
-8.350641251
-8.364084244
-8.351922989
-8.381687164
-8.415611267
-8.434494019
-8.430973053
-8.411451340
-8.385847092
-8.385526657
-8.334959030
-8.266469955
-8.243427277
-8.248867035
-8.246948242
-8.236705780
-8.236066818
-8.231586456
-8.263589859
-8.310316086
-8.350322723
-8.388088226
-8.411769867
-8.392887115
-8.395128250
-8.276712418
-8.243106842
-8.238946915
-8.267749786
-8.299434662
-8.316717148
-8.358324051
-8.412731171
-8.442174911
-8.435453415
-8.422971725
-8.380725861
-8.342641830
-8.275751114
-8.256229401
-8.255588531
-8.309677124
-8.327598572
-8.402809143
-8.445375443
-8.444095612
-8.446655273
-8.439615250
-8.427772522
-8.406650543
-8.391607285
-8.382646561
-8.300714493
-8.235425949
-8.224224091
-8.200860977
-8.222623825
-8.228704453
-8.250467300
-8.272871017
-8.316078186
-8.325677872
-8.328559875
-8.341041565
-8.373044968
-8.391927719
-8.408569336
-8.417531967
-8.422651291
-8.413690567
-8.390327454
-8.319276810
-8.284072876
-8.278951645
-8.209182739
-8.215904236
-8.220703125
-8.220703125
-8.269670486
-8.324398041
-8.374645233
-8.391607285
-8.403129578
-8.408889771
-8.421051025
-8.421691895
-8.423612595
-8.423612595
-8.423933029
-8.416570663
-8.377845764
-8.317678452
-8.294954300
-8.267431259
-8.242786407
-8.240226746
-8.228065491
-8.274471283
-8.312236786
-8.352882385
-8.354482651
-8.359283447
-8.392248154
-8.427772522
-8.434814453
-8.437374115
-8.435132980
-8.424571991
-8.404729843
-8.366004944
-8.313516617
-8.272871017
-8.231586456
-8.208221436
-8.202140808
-8.217504501
-8.262310028
-8.308076859
-8.320877075
-8.319276810
-8.355442047
-8.389688492
-8.405689240
-8.410490036
-8.413690567
-8.423292160
-8.425851822
-8.428413391
-8.421371460
-8.384887695
-8.342000961
-8.297834396
-8.258789062
-8.243747711
-8.245986938
-8.275112152
-8.319276810
-8.335279465
-8.359603882
-8.403450012
-8.428413391
-8.437694550
-8.433534622
-8.436094284
-8.443134308
-8.446334839
-8.446016312
-8.429052353
-8.382646561
-8.350641251
-8.334640503

