31/07/2020 16:32:11
-8.244386673
-8.211103439
-8.225824356
-8.322477341
-8.338479996
-8.363763809
-8.382326126
-8.366323471
-8.322158813
-8.319597244
-8.334320068
-8.365364075
-8.385206223
-8.358324051
-8.306795120
-8.318958282
-8.372085571
-8.402809143
-8.362163544
-8.277030945
-8.277992249
-8.255908966
-8.256549835
-8.251428604
-8.245027542
-8.246627808
-8.252067566
-8.275112152
-8.314477921
-8.361843109
-8.392248154
-8.419450760
-8.422651291
-8.447616577
-8.450496674
-8.442174911
-8.414970398
-8.373365402
-8.337520599
-8.282472610
-8.229024887
-8.234146118
-8.235746384
-8.251428604
-8.266790390
-8.294313431
-8.344881058
-8.394487381
-8.397048950
-8.409210205
-8.419771194
-8.442174911
-8.410810471
-8.415290833
-8.451456070
-8.450815201
-8.436414719
-8.417852402
-8.361524582
-8.296234131
-8.276071548
-8.255588531
-8.225824356
-8.197021484
-8.198301315
-8.205982208
-8.253028870
-8.282152176
-8.297513962
-8.305835724
-8.345201492
-8.369844437
-8.384887695
-8.406650543
-8.434173584
-8.445695877
-8.444734573
-8.438653946
-8.440895081
-8.446975708
-8.428413391
-8.416252136
-8.378166199
-8.330160141
-8.318637848
-8.314157486
-8.272550583
-8.243747711
-8.247587204
-8.265510559
-8.296554565
-8.317996979
-8.352241516
-8.401529312
-8.422971725
-8.426813126
-8.433214188
-8.450496674
-8.435773849
-8.436733246
-8.388727188
-8.309677124
-8.297834396
-8.320238113
-8.336559296
-8.292713165
-8.256868362
-8.245347977
-8.234146118
-8.214942932
-8.203102112
-8.213342667
-8.248228073
-8.281192780
-8.371765137
-8.436414719
-8.441534042
-8.444416046
-8.440895081
-8.431613922
-8.406009674
-8.397048950
-8.364404678
-8.291112900
-8.236385345
-8.220384598
-8.229024887
-8.281513214
-8.340721130
-8.385206223
-8.389688492
-8.416570663
-8.421051025
-8.422971725
-8.420091629
-8.411451340
-8.388727188
-8.326318741
-8.258468628
-8.245668411
-8.245027542
-8.273832321
-8.255908966
-8.284393311
-8.324718475
-8.373044968
-8.387767792
-8.383926392
-8.412090302
-8.413051605
-8.415931702
-8.425212860
-8.419132233
-8.419450760
-8.411130905
-8.400888443
-8.390327454
-8.369205475
-8.355442047
-8.354482651
-8.353523254
-8.264230728
-8.220703125
-8.207582474
-8.253028870
-8.298154831
-8.317678452
-8.362483978
-8.389047623
-8.411130905
-8.422971725
-8.426813126
-8.399608612
-8.309356689
-8.255908966
-8.220703125
-8.211421967
-8.230945587
-8.291753769
-8.317678452
-8.326639175
-8.345521927
-8.428413391
-8.413370132
-8.429372787
-8.440254211
-8.432893753
-8.423612595
-8.400249481
-8.332719803
-8.245027542
-8.241506577
-8.251428604
-8.282152176
-8.276712418
-8.335920334
-8.392248154
-8.414651871
-8.426492691
-8.425851822
-8.430013657
-8.433534622
-8.416252136
-8.415611267
-8.346801758
-8.291112900
-8.246948242
-8.234146118
-8.220384598
-8.242786407
-8.261030197
-8.293033600
-8.328239441
-8.325359344
-8.341041565
-8.398649216
-8.419771194
-8.405689240
-8.401529312
-8.420091629
-8.419132233
-8.423292160
-8.420091629
-8.409210205
-8.383605957
-8.335920334
-8.255588531
-8.248867035
-8.240867615
-8.270631790
-8.293033600
-8.296234131
-8.316078186
-8.364404678
-8.388727188
-8.397687912
-8.395769119
-8.410490036
-8.418811798
-8.425533295
-8.423292160
-8.420412064
-8.380725861
-8.359603882
-8.326318741
-8.260389328
-8.241186142
-8.232225418
-8.250787735
-8.279592514
-8.306795120
-8.344881058
-8.387447357
-8.409851074
-8.374006271
-8.401208878
-8.412410736
-8.419132233
-8.423292160
-8.416891098
-8.417852402
-8.378805161
-8.344560623
-8.298154831
-8.207262039
-8.202140808
-8.200222015
-8.223585129
-8.250148773
-8.272871017
-8.298475266
-8.334959030
-8.414011002
-8.416252136
-8.417211533
-8.416252136
-8.404088974
-8.367284775
-8.302955627
-8.229986191
-8.236066818
-8.232545853
-8.210462570
-8.194780350
-8.236705780
-8.252067566
-8.301675797
-8.322477341
-8.354803085
-8.389368057
-8.403770447
-8.413370132
-8.411451340
-8.413690567
-8.418811798
-8.382646561
-8.345201492
-8.295913696
-8.274791718
-8.236385345
-8.214942932
-8.225503922
-8.234466553
-8.234785080
-8.335920334
-8.343601227
-8.353841782
-8.369205475
-8.428733826
-8.435453415
-8.422651291
-8.382005692
-8.330799103
-8.260389328
-8.252708435
-8.236066818
-8.245027542
-8.255268097
-8.293674469
-8.356723785
-8.381366730
-8.394807816
-8.411130905
-8.420091629
-8.411451340
-8.389368057
-8.334640503
-8.294633865
-8.303596497
-8.280231476
-8.235746384
-8.231586456
-8.243106842
-8.288553238
-8.329839706
-8.363763809
-8.390327454
-8.420732498
-8.426492691
-8.430652618
-8.427452087
-8.412731171
-8.399929047
-8.338159561
-8.258789062
-8.244386673
-8.223264694
-8.234466553
-8.251749039
-8.285673141
-8.336559296
-8.345521927
-8.365684509
-8.382326126
-8.392248154
-8.384567261
-8.405368805
-8.386167526
-8.350641251
-8.313837051
-8.285352707
-8.244386673
-8.224224091
-8.202461243
-8.219743729
-8.266469955
-8.301355362
-8.296234131
-8.287593842
-8.325038910
-8.375606537
-8.384887695
-8.386487961
-8.397048950
-8.414331436
-8.414011002
-8.408889771
-8.377204895
-8.329198837
-8.307115555
-8.269350052
-8.240867615
-8.229024887
-8.227745056
-8.249187469
-8.277992249
-8.287914276
-8.318958282
-8.330160141
-8.350322723
-8.369844437
-8.387447357
-8.408569336
-8.415611267
-8.422332764
-8.417852402
-8.396728516
-8.360883713
-8.341680527
-8.318637848
-8.277351379
-8.242467880
-8.236705780
-8.241186142
-8.262310028
-8.288553238
-8.326639175
-8.380405426
-8.404409409
-8.403450012
-8.409530640
-8.433214188
-8.439933777
-8.441534042
-8.435453415
-8.425851822
-8.401849747
-8.395769119
-8.383926392
-8.325038910
-8.267431259
-8.244386673
-8.225185394
-8.204702377
-8.204702377
-8.225824356
-8.271911621
-8.303596497
-8.322477341
-8.352561951
-8.391286850
-8.408250809
-8.407930374
-8.413370132
-8.416252136
-8.420732498
-8.422651291
-8.417211533
-8.381687164
-8.345842361
-8.333679199
-8.328878403
-8.276071548
-8.238626480
-8.234785080
-8.236705780
-8.261669159
-8.293674469
-8.322158813
-8.368244171
-8.403129578
-8.416891098
-8.428092957
-8.435453415
-8.439294815
-8.435773849
-8.397687912
-8.327598572
-8.319276810
-8.311916351
-8.238626480
-8.205020905
-8.196060181
-8.202140808
-8.236705780
-8.273511887
-8.293674469
-8.332719803
-8.362804413
-8.389047623
-8.406009674
-8.416891098
-8.422971725
-8.424251556
-8.420412064
-8.383926392
-8.329198837
-8.309356689
-8.277671814
-8.241506577
-8.235105515
-8.229665756
-8.239585876
-8.271911621
-8.312877655
-8.336240768
-8.358963013
-8.398008347
-8.426492691
-8.432573318
-8.437053680
-8.441534042
-8.438653946
-8.414011002
-8.354803085
-8.315757751
-8.298795700
-8.266149521
-8.216863632
-8.196060181
-8.195739746
-8.213022232
-8.257829666
-8.287914276
-8.283752441
-8.301034927
-8.353841782
-8.369844437
-8.380086899
-8.385847092
-8.406330109
-8.420091629
-8.423612595
-8.422971725
-8.410810471
-8.379766464
-8.328878403
-8.269031525
-8.252708435
-8.246307373
-8.244068146
-8.270311356
-8.274471283
-8.279272079
-8.318637848
-8.380405426
-8.399288177
-8.384887695
-8.409210205
-8.441215515
-8.447296143
-8.445375443
-8.443454742
-8.440895081
-8.438653946
-8.417852402
-8.371124268
-8.310316086
-8.257188797
-8.220064163
-8.209503174
-8.215263367
-8.244386673
-8.300075531
-8.334320068
-8.335920334
-8.342960358
-8.383287430
-8.403770447
-8.414651871
-8.413370132
-8.418170929
-8.424571991
-8.427133560
-8.425851822
-8.397687912
-8.335920334
-8.301996231
-8.264230728
-8.245986938
-8.248548508
-8.266469955
-8.311916351
-8.348722458
-8.365364075
-8.392568588
-8.426492691
-8.442174911
-8.445695877
-8.438333511
-8.442495346
-8.444416046
-8.443454742
-8.431613922
-8.373685837
-8.313516617
-8.295595169
-8.278951645
-8.237667084
-8.206941605
-8.208221436
-8.233184814
-8.275432587
-8.317678452
-8.347761154
-8.385206223
-8.403129578
-8.412410736
-8.425212860
-8.427452087
-8.431293488
-8.430334091
-8.415290833
-8.355442047
-8.327278137
-8.324398041
-8.292394638
-8.248867035
-8.243427277
-8.241506577

